100
1 2
10
00
3 4
1011 0010 1101
0011 1010 0101
10 10
0000001110 0010111110 1110000011 0111110010 0101010001 1001100100 1011101101 1000111001 1101010100 0110001011
0001111010 1111110111 1010101000 0010101101 1101000111 0100010100 0111000000 1000001011 0110011101 1001110010
2 2
01 10
11 00
10 10
0101001111 0001010001 0001100110 1110011111 1110111110 1101100011 1001101100 0110010000 1010011000 0010100001
0000110110 1011111011 1111110100 0011000110 0111011000 0100000111 0011110001 1100101001 1000001111 1100001000
10 10
0101100111 0111111100 1100011111 0010110000 1101101100 1010110001 1011001011 0100000000 0011000110 1000011011
0011101111 0010010101 1101000011 1100100100 0101001000 1011100010 0100111011 1111011000 0000111111 1010010100
10 10
1010110101 0011111111 1101100011 1101001001 1011110010 1000001110 0110011110 0101010001 0010101100 0100000000
0000100101 1001111011 1101001001 1000101000 0110011110 0001100010 1110000110 0110110100 0011011001 1111010111
4 7
1010011 1010100 0101100 0101011
0101010 0101101 1010101 1010010
6 5
10000 10010 00110 10011 00100 11000
11111 11110 01001 00100 01111 00010
4 7
0110011 1001100 1100011 0011100
1011100 0100011 1110011 0001100
10 10
0101100101 0010111100 0011100100 1100110010 0100101000 1011000011 1000011011 1011010110 1101011101 0110001011
0101010010 1011011100 0010001011 1100111000 1100101101 0001100101 0011000110 0100001010 1111110101 1010110011
3 7
0001100 0100011 1001111
1101100 1000011 0101111
6 7
1011101 0010100 0101011 1101001 0100000 0011111
1100011 0101010 0010101 1010111 0100001 0011110
2 3
000 100
111 011
10 10
1011101010 1010000110 0000101110 1110000011 1000110001 0010110100 1001011001 1101101011 0010010100 1010110100
0110010011 0110111001 1010000000 0110000001 0100001010 0000100001 0111101010 0110001001 1001110010 1011100011
4 4
1110 1111 1010 1011
0010 0110 0011 0111
10 10
1010001111 0001110100 0101011001 0010101001 1100110100 0111000110 1000111011 1111001111 1111010000 0000100010
1001101011 0000000110 0101111101 1101100100 0111110110 0100101011 1111010000 1010001111 1010010000 0010011001
8 8
11011010 11110111 10001111 01111110 11001000 11001111 00001001 00100110
00101111 01101111 11011110 10101001 01111010 01101000 01010111 10000110
4 7
1101110 0011100 0000011 1100111
1001110 1010000 1000000 1001010
10 10
1110101011 0110100011 0111000110 0001010101 1001000100 1010110011 0100001100 0001111001 1111111000 1000011110
1110100110 1011101101 1000011010 1111110101 0101010010 0111111101 0000100111 1001000000 0000001011 0110011000
3 9
001010010 001110011 101010100
110000101 010000011 110100100
10 10
0101001010 1010100001 0100110101 0101011110 0010011110 0011110100 1010010011 1100000110 1101101001 1011101001
1011100101 0101000110 1010011010 0100111100 1101011011 0100001110 0011000110 0010101001 1100110001 1011110001
2 8
11000010 00000001
00100001 11100010
2 9
000110011 110011101
001100011 111001101
10 10
1111110000 0000110110 1110000011 0001001101 1001001111 0110100100 1011010001 1000011010 0111111011 0100101100
0111010101 0010110100 1101111010 0011001111 1000101000 1011100011 0100000010 1010110110 1100001001 0101011101
4 6
111100 001110 110001 000011
110101 111000 000111 001010
10 10
0111100001 1011100000 1100110111 0000011110 0001101000 0110111110 1011000110 1101010001 0110001001 1000011111
0001101010 0110001011 1011100010 1100110101 0110111100 1101010011 1011000100 0111100011 0000011100 1000011101
10 10
0001001111 0001100001 0111100101 1010011100 1100100110 0100110010 1011101001 1110011000 0101011111 1010010010
1011111111 0000100010 0001011001 0100101000 0000101100 0110010110 1111101111 1011010001 1101010101 1110000010
2 6
111111 010101
011001 110011
2 10
1101010000 1100000000
1101010000 1100000000
10 10
0001110110 0111100101 0011110001 1011100000 1100011101 0011010011 0100001011 1110101110 1100001000 1000011110
1100101011 1110001110 0001010110 0011100101 1000011101 1011110011 0100011000 0011110000 1100001001 0111100110
10 10
1111001011 0111000010 1110100100 0001111001 1010011100 1100011111 0000100011 0000110111 0111111100 1001000000
0001000000 1010011101 1100011110 1111000010 1001001001 0110100001 1000100110 0111111011 0001111110 0110110101
10 10
1101001000 0000011110 0010000000 0111110110 1000110101 0110111111 0101111111 1111000010 1011100001 1000001001
1110001111 0100110001 0110111000 1000100110 1100000101 1011110010 0101111000 0001000111 1011001110 0011011001
10 10
1111110101 0111111001 1010010110 0100001011 1001110000 0011001111 0001110100 1100101000 0100001110 1010000011
0011111010 0011111111 1101100010 0100111011 1110000100 1000000001 0110000000 1101110111 1011011100 0000001101
4 8
01100101 10111011 11001011 10110101
01101100 11111010 01100000 10000100
4 8
00101110 01000101 11110011 10111111
00000010 01101100 11010101 01011101
10 10
1011110011 0000100110 1111001000 0100010000 0000011110 0111101101 1100011001 0011101011 1101000111 1010110100
0000111111 1100111000 1000110110 0011101110 0110010010 1100000000 0001100001 1111001101 1011001011 0111010101
6 5
10011 11110 01100 00001 00101 10111
01001 00000 10010 00100 11011 10110
5 8
01101010 00111111 11110001 11110110 01010010
10010100 11000001 00001000 10101100 00001111
7 8
10010001 11001110 11101010 00000101 01100111 11000111 00100010
00000100 01011011 00001101 11101000 11001111 10101101 00100000
10 10
0101101011 0000001100 1010010010 1000000100 1111111111 1001111001 0100000010 1111110111 0011110000 0110001101
1010011001 0001101101 1100000010 0110010110 0110011110 1101101011 0000010000 1001100101 0011111011 1111100100
10 10
1101001011 0110101010 1011101100 0101110000 0000110101 0010001101 1110010110 1101001111 1000010001 0011110010
1011111010 1000100111 0100111100 1101011101 0110000100 1110100000 0101000011 1011111110 0011000001 0000011011
2 8
01111101 10011100
11010010 00110011
4 5
00011 11010 00010 11011
00010 11011 11010 00011
10 10
0111111110 1000110011 1101101110 0000011110 0101101001 1010101101 1001000011 0111010001 1010010100 0110000000
0010100010 0011011100 1000110010 1111110001 0010001101 0101000010 1100011111 1111001000 1101101111 0000110101
10 10
1110000101 0001101100 1011101111 1000000001 0011110010 1110111111 1101000010 0100011001 0010111110 0101010000
0001100110 1100101011 1011000000 1010001001 0001011100 1101100111 0111011000 1110110101 0100110110 0010011011
6 6
010001 111101 100110 011000 111010 100010
000001 111011 111010 100100 011111 110100
10 10
1100001100 0101011011 1011010001 1100011001 0000100110 0111101000 1011110110 1101110111 0010000000 0010101111
1001011011 0000001100 1110000110 1001001110 0101110001 0010111111 1000100000 0111111000 0111010111 1110100001
7 9
101110111 011011110 011010100 101000111 010001011 100101100 111000010
000100110 011001000 111100010 010101111 000111000 100111111 111100111
10 10
0001101100 0110101111 1111001110 1011011000 1100100000 1011010011 0100110101 0001110001 1100001111 0010010010
1111110110 0111001100 1000100001 0010001000 1111011001 1100110111 0001101011 1000101010 0101010110 0010010101
10 10
0011000101 1110110100 0110110011 1111111011 1000110101 1001101010 1001001010 0010000111 0100001000 0101011100
1000111001 1111000111 1110111000 0100001010 1001110110 0101001000 0011010001 0000111110 1111100111 0010000101
10 10
0110000010 0001011111 1000110100 0100101011 1111101100 0101011010 1111100101 0000000001 1011110000 1010011111
0000101101 1110010111 0111111100 0100111000 0101010111 1111001001 0000100100 1011100011 1010010010 1001001010
9 7
0001100 0100110 1011000 0111111 1000010 0110101 1010011 1110100 0111101
1101110 1011100 1001000 1101011 1110001 1011110 1000101 1100011 1111110
2 6
110111 110110
000011 000010
4 8
00010010 00000110 11011011 11001111
11000100 00011001 00001101 11010000
10 10
0100100100 1000111001 1100011110 0011001011 0111110010 1010000001 0010011111 1001100001 1101000110 0111111100
0010100100 1011000110 0101001011 1100000001 0100011111 1010011110 0001110010 1111100001 1110111001 0001111100
6 4
0011 0001 1111 1000 1110 1100
1011 1110 0010 1001 0011 0110
10 10
0101100111 0001001110 0111010011 0000111001 0011110111 1111000000 1110010100 1000001011 1100111000 1010101100
1101111111 1100001000 0110011101 0000001001 1011100010 0011110001 0010100101 1001010110 1111000110 0100111010
3 8
00001001 11010011 11000100
10111100 11100001 01110101
6 7
0100010 0011001 1111011 0001010 1100110 1110111
1100000 0001100 1111101 0100100 1110001 0011111
4 10
0110100001 1001011100 1101011100 0010100001
0010100011 1101011110 0110100011 1001011110
10 10
1001000110 1010100100 1001001001 1100111110 0011011011 0100110100 0101010000 0110111011 0011000001 1110101111
0000011001 0110000011 1001111100 1001100110 0011111011 0100010010 0011110100 1110001001 1111101101 1100000110
10 10
1001100001 0100100001 1100101100 1001110111 0111111110 0101010101 1010000010 0111001010 1010011000 0010011111
1011100111 0110101111 1000001100 1001111000 0101011010 1011010011 0101001100 1110110010 0110110101 0000000001
2 10
1101101100 0110001001
1111010011 0100110110
2 3
110 100
111 101
4 10
0100111100 0101000111 0101100101 0100011110
1100111100 1101000111 1101100101 1100011110
10 8
11000000 11000101 00101010 10101111 00110110 11010100 10011110 10101000 00001001 00001010
01001001 01110101 01110110 11010111 11100001 01010101 11010000 10111010 10101011 10111111
2 6
010010 100001
010011 100000
6 6
010001 100001 000101 011110 111101 100101
111111 111001 011001 000101 101111 010011
2 4
1100 0110
0100 1110
6 6
011011 110001 111001 000010 100010 101000
101110 010111 111101 110101 001110 100100
2 8
00011011 01010001
10010100 11011110
3 10
0010000001 0100000000 0010001101
0111110110 0011010101 0000101110
10 10
1010100111 0000010110 1001111010 1010000100 0000010111 0111110000 0101001101 1111011001 0111101001 1100101010
0110111001 1111010100 0011101001 0000011010 0101100100 1000101010 1000110011 0101000111 1111010101 1010001110
6 7
1101101 1101111 1100000 1111010 1111000 1100010
0000011 0001110 0001100 0010100 0010110 0000001
10 10
1100001000 1010111000 0110000110 1011100100 1111110101 1011000010 0100011111 0101011001 0001100111 0000111011
1111100101 1011110100 0000101011 1010101000 0110010110 1100011000 0101001001 1011010010 0001110111 0100001111
6 7
1101111 1010000 1000011 1111100 0010001 0111101
1101101 0111111 0000000 0010011 0101100 1000001
10 10
0110110000 0100101111 0001011100 1110101100 1000001010 1010100101 0011001111 0001010001 1111010011 1101110010
1101011000 0011100010 1010111001 1010110100 0001001101 1111000111 0110011010 0100111011 0101000100 1000100111
10 8
00011111 10110101 10110111 00111000 11100111 11111100 00001101 00011010 00110010 00010000
01000010 11001111 11111010 11000101 11101101 00010000 11101000 01000000 11100111 00001011
4 9
001000011 001000001 010100001 010100011
011110011 000010011 011110001 000010001
6 10
1011000110 1110001001 1110101001 1011100110 1111011000 1111111000
0100110011 0100010011 0101100010 0101000010 0000001101 0000101101
10 10
1011011101 0100111010 0010001010 0001100101 0111101101 1101001010 1000100010 0000010001 1110010101 1111110110
1101011010 0100101010 0111110101 1001110001 1000000101 1011101010 1110001101 0110010110 0010111101 0001000010
10 10
1100000101 1101110010 0111000110 0010001101 1100111010 1110110011 0001101110 0011010001 1011101000 0000011101
1000010001 0101000101 0110100110 1111000011 1010011000 0011101101 1000101110 0111111010 0100110110 1001011001
10 10
0011000110 1010001100 0010011011 0111001110 1111110111 1000001010 1101110001 0101100100 1000111001 0100110001
1110000000 0011000010 0111001010 0110010111 1100110101 0001101000 0000111101 1100000110 1001111101 1011111011
6 8
10000111 00011011 10100111 01100101 11100011 11111000
11000010 10010001 11111111 01110101 00100111 11011100
6 10
0011001011 1010101010 0101111010 1001100100 1000100001 0111110110
1001101110 1000110111 1101100111 0100000110 1011010000 1110110010
4 8
00110111 01001001 11011011 10011110
11000011 01111010 11001011 10100010
5 6
011111 111000 011101 000000 001001
101110 111000 111010 100111 011111
4 5
11000 00111 01010 10101
01000 00101 11010 10111
5 9
011001010 011100101 000100000 001101011 001000011
001110001 011010111 001011110 010110100 011111111
4 7
1001100 1001101 0110111 0110110
0010100 1101110 1101111 0010101
10 10
0010101101 1111010100 0101010101 1010001110 0100110011 1111111010 0001101010 0000100000 1011001011 1100010101
1100000100 0001010011 0100100111 0001111101 1111000011 1011111100 0101100010 1010011010 1110001001 0010111100
1 7
0111011
0011011
10 10
0111000110 1101011011 1100001001 1000011010 1111100001 0101001110 0010111101 0000110101 1011110010 0010100100
1101011101 0111000000 0101111010 1000100110 0010000001 1010101110 1000111111 0110010010 0001101001 1111010101
1 8
00001101
11110011
10 10
0010110101 0111101010 1001111100 1100000010 0100011011 0000010100 1000100101 0011000001 1111101111 1111011010
0000000111 1100011100 1111000100 1010111010 0100101100 0001110011 1100101001 0111011101 0011010010 1011100011
10 10
1000001000 1010110111 1110101000 0101110111 0000001111 0111110001 0101010101 0001111010 1111001010 1010000100
0011100000 1110100110 0101101011 0001100110 0100011110 1010111001 1011011011 0001000100 1100011001 1110010101
8 8
10010000 10110111 10111110 10110100 11111101 01101010 00010111 00101100
10100001 00110011 00111010 11100111 10011010 01110000 00011101 00111001
10 10
1101011111 1100100111 1110000110 0010000001 0011011000 0001111010 1111100001 0011010011 1100111100 0000101100
1001011011 0111000000 0110100111 1000001101 1010100000 1011110010 0100011101 0100000110 0101111110 1011111001
2 3
011 001
011 001
