100
5 5
56 522 614 722 999
808 695 295 553 584
478 629 607 485 961
897 172 949 924 815
140 973 618 688 261
3 3
760 403 829
703 194 227
992 147 346
10 10
917 781 566 387 100 123 283 939 818 989
84 323 476 901 689 652 955 622 36 556
187 952 824 285 767 176 230 179 459 825
694 15 471 415 140 926 671 310 777 119
314 400 736 35 244 579 595 949 687 201
66 795 989 874 310 157 661 654 970 424
187 414 877 726 662 88 826 525 913 320
44 389 403 989 175 911 509 87 663 950
416 653 947 948 413 263 258 626 64 963
444 860 300 195 767 66 259 555 789 328
5 5
505 418 92 814 582
647 802 108 696 484
148 834 713 881 684
465 29 869 188 158
610 200 145 42 200
3 3
447 708 408
232 825 93
988 965 672
10 10
998 441 207 511 232 449 953 460 649 907
446 22 15 710 750 564 755 52 38 109
744 993 826 737 284 227 935 38 974 629
838 288 606 773 628 851 296 470 836 723
816 677 12 485 561 534 49 712 257 191
738 298 804 308 623 338 85 522 55 423
874 674 719 129 842 518 321 461 458 702
317 990 44 994 440 244 395 866 108 567
845 914 183 470 82 232 37 416 323 122
847 98 823 746 733 139 960 874 799 69
5 5
911 535 981 308 865
875 531 958 280 246
835 76 796 986 775
220 907 538 857 378
111 95 341 29 900
3 3
220 961 516
225 420 193
229 67 50
10 10
547 487 960 42 916 4 531 755 337 720
991 362 415 901 738 724 245 942 465 353
207 727 653 741 487 133 396 247 710 944
551 68 264 386 555 292 284 688 267 131
749 615 463 99 953 703 737 641 558 325
763 788 144 252 334 843 669 879 140 72
921 360 563 820 653 590 367 737 555 89
354 467 696 758 94 85 370 964 976 79
671 214 71 690 285 992 154 436 296 750
682 207 690 513 191 770 549 140 862 726
5 5
659 737 278 417 659
217 793 148 754 396
784 678 553 404 934
215 889 103 713 593
463 825 557 372 591
3 3
452 629 775
444 31 263
697 546 579
10 10
360 594 38 78 768 427 388 970 681 64
124 918 427 798 29 928 418 685 196 935
389 875 743 513 350 320 73 84 891 879
657 641 5 642 901 389 418 829 690 184
765 985 886 899 120 244 269 110 112 736
965 170 275 397 431 491 276 670 816 474
166 248 564 399 976 597 49 73 276 607
75 672 412 710 809 113 621 560 569 333
924 446 534 518 880 990 98 343 929 836
918 661 420 620 748 495 76 242 508 374
5 5
696 300 450 417 243
928 56 850 168 723
348 98 757 689 606
367 817 676 729 258
597 475 25 203 582
3 3
279 14 373
889 586 98
464 876 879
10 10
559 206 293 388 760 319 759 936 154 230
540 627 461 618 576 292 284 819 263 276
322 132 943 550 963 548 202 332 116 819
995 896 258 832 87 806 674 946 138 454
26 148 339 567 778 505 558 601 130 241
218 856 985 755 32 494 890 315 149 124
717 434 917 441 136 70 682 365 275 792
894 534 995 375 452 906 349 144 532 313
274 434 972 657 966 397 259 472 167 49
690 295 341 783 457 186 613 38 674 9
5 5
658 789 44 799 949
672 492 530 602 515
789 456 427 55 598
800 3 201 670 535
970 774 126 507 175
3 3
650 714 496
349 163 859
945 752 997
10 10
694 363 536 959 979 887 366 704 86 887
409 339 660 515 724 223 475 885 886 309
445 98 197 493 331 850 258 107 761 129
911 162 730 405 612 702 693 606 67 785
946 531 542 721 923 446 62 775 656 539
731 500 296 837 413 829 954 867 285 221
65 665 955 81 117 299 99 674 131 770
338 477 297 227 317 819 708 687 573 718
148 997 592 33 83 568 846 961 188 928
799 246 827 526 86 642 359 939 936 634
5 5
270 468 6 366 243
207 863 255 946 498
670 881 120 703 182
361 890 488 190 471
368 213 189 801 112
3 3
981 792 19
393 364 953
186 866 791
10 10
508 823 204 810 714 495 907 559 423 439
818 684 881 7 314 768 340 267 398 211
67 347 958 506 20 982 445 780 718 495
782 535 102 577 875 516 385 124 641 606
31 517 439 126 125 834 565 839 703 420
422 114 129 621 707 879 198 285 7 473
59 97 103 223 231 939 290 645 918 484
289 91 97 339 121 610 251 501 683 494
409 499 800 189 446 577 926 47 597 102
302 413 416 457 327 759 321 815 843 998
5 5
115 704 15 211 512
90 609 142 210 117
695 782 840 635 746
491 953 614 79 665
39 631 149 331 445
3 3
956 2 227
420 121 370
178 127 616
10 10
227 506 313 392 501 54 933 956 63 825
77 195 680 102 25 634 258 925 388 957
19 704 390 884 562 806 86 67 181 920
521 988 469 393 525 409 963 343 175 762
497 361 533 544 915 745 559 868 979 737
178 623 163 630 306 981 333 431 766 121
482 634 989 578 975 817 383 170 575 315
547 876 478 230 129 529 59 835 525 268
132 154 130 112 41 525 730 354 212 681
442 824 899 446 283 545 791 712 734 789
5 5
723 457 669 579 449
67 688 462 453 864
624 515 582 44 740
144 930 51 34 291
175 694 783 689 233
3 3
729 836 247
177 306 85
110 675 804
10 10
363 986 527 738 630 978 291 852 236 524
378 351 715 89 800 981 835 929 423 838
434 856 758 150 12 545 968 223 742 52
36 286 46 740 928 785 589 41 986 755
96 26 702 278 267 748 61 807 71 349
149 622 701 539 627 763 263 722 515 803
841 583 772 556 467 708 495 634 444 497
262 454 953 139 509 493 233 767 47 23
100 935 48 524 866 530 627 323 488 676
103 304 547 531 534 800 220 884 141 429
5 5
402 548 222 858 428
1000 115 35 529 385
715 219 579 691 64
113 11 673 758 888
242 43 917 192 774
3 3
161 952 888
66 941 785
775 579 300
10 10
11 501 807 932 710 68 772 10 969 485
645 163 481 900 361 64 807 425 264 830
230 426 334 868 329 95 152 261 790 49
552 829 946 359 529 800 912 108 71 578
558 74 675 673 346 793 920 335 606 857
356 24 394 708 76 995 739 821 415 966
966 942 262 71 272 278 340 925 477 206
164 952 413 310 809 949 101 740 662 224
991 625 348 482 6 420 907 885 191 58
434 959 102 722 476 368 473 201 52 960
5 5
97 412 483 419 625
361 459 638 214 35
678 911 67 117 516
439 163 155 549 557
173 452 75 134 898
3 3
12 681 283
373 212 896
696 111 776
10 10
8 989 460 306 658 189 632 153 569 570
124 593 83 536 740 620 819 443 102 496
83 783 793 535 13 593 667 305 371 209
726 686 991 842 193 861 804 766 178 741
981 556 659 591 614 832 543 772 448 998
15 415 752 857 16 743 682 517 381 173
835 509 961 25 11 222 165 370 512 90
893 178 750 847 273 448 997 959 354 875
503 198 690 219 141 767 507 254 717 412
24 356 534 110 361 533 518 720 716 292
5 5
820 426 15 833 891
41 253 249 544 330
308 325 860 283 672
549 254 889 982 567
793 184 168 694 290
3 3
52 114 810
645 316 709
826 780 536
10 10
536 896 104 213 694 848 242 37 192 124
463 887 746 195 25 742 941 354 814 791
353 12 587 979 940 934 449 5 801 63
20 608 439 540 858 750 897 143 573 727
929 809 393 390 105 372 206 597 973 616
652 194 547 529 813 578 252 774 614 436
913 38 207 988 687 624 995 637 585 302
196 583 950 480 567 192 713 998 257 231
757 937 866 308 252 232 691 679 696 900
781 341 411 665 750 30 12 531 952 880
5 5
682 464 313 156 830
398 950 274 686 497
2 744 764 828 432
1000 313 737 486 106
818 917 69 728 626
3 3
448 655 62
751 728 604
323 690 682
10 10
407 140 320 883 415 698 602 152 846 718
942 159 79 14 15 897 472 131 309 375
314 616 172 46 786 349 624 696 360 934
952 134 571 565 126 566 461 161 675 508
783 18 459 602 569 525 586 465 734 805
971 420 489 115 582 209 293 145 928 990
487 420 903 894 270 45 511 580 811 345
892 891 763 89 769 923 849 572 959 426
298 356 847 351 875 975 234 813 307 583
891 703 885 227 335 328 162 841 909 138
5 5
547 2 69 378 1
247 94 802 965 565
386 361 380 607 999
262 96 243 772 273
628 443 481 264 585
3 3
463 364 851
832 488 961
950 109 816
10 10
691 828 670 72 123 468 787 84 704 638
706 477 996 827 662 131 239 57 623 237
742 590 667 771 816 671 112 537 988 988
217 652 718 960 847 947 726 909 270 373
523 129 484 596 719 992 985 388 110 775
693 655 548 749 85 640 844 515 300 783
513 166 726 881 295 254 838 131 460 523
328 387 672 183 559 850 8 980 913 66
184 682 366 134 945 273 107 322 465 553
300 906 913 749 306 540 330 498 690 86
5 5
8 266 367 528 221
420 412 248 410 396
881 344 982 653 508
621 892 662 33 547
717 314 749 435 617
3 3
747 849 858
252 189 546
262 350 489
10 10
101 172 63 450 951 100 172 21 89 470
663 842 786 59 114 388 810 752 57 662
178 890 363 348 798 227 788 678 751 445
419 508 152 357 750 377 235 842 333 132
726 685 834 575 370 124 291 857 954 181
214 33 189 718 992 582 94 461 626 637
211 273 423 879 903 367 533 495 422 885
139 419 861 589 966 167 759 39 387 93
562 3 821 218 730 413 971 866 209 998
972 499 371 32 596 607 93 433 196 809
5 5
848 811 23 655 197
325 552 700 84 399
614 928 730 442 640
40 314 751 908 893
98 356 879 654 573
3 3
750 978 286
995 654 220
95 906 541
10 10
762 270 19 62 454 120 569 560 683 885
164 336 406 795 741 686 64 481 97 848
394 961 34 191 791 553 575 77 555 668
270 274 816 533 218 456 395 757 295 582
294 798 48 460 234 453 355 815 348 171
937 65 360 432 215 166 877 819 447 492
54 58 1000 233 652 803 390 959 294 273
788 173 26 724 7 205 835 323 731 352
749 546 615 842 42 536 967 421 971 29
609 350 687 719 744 274 529 542 448 788
5 5
961 60 725 294 445
829 440 699 448 300
836 388 851 815 99
784 552 813 146 97
945 262 497 683 790
3 3
154 495 13
945 322 852
735 598 358
10 10
112 456 248 108 819 68 24 703 738 997
122 40 781 698 234 478 203 760 890 996
89 577 505 565 15 302 272 758 557 135
953 16 596 659 214 132 306 183 228 559
207 809 120 722 186 883 569 848 288 198
965 504 473 344 872 115 152 107 973 406
540 46 14 698 262 570 720 455 197 28
468 555 469 558 899 370 430 344 677 720
735 797 15 409 348 349 802 278 415 439
390 598 758 285 988 863 750 737 519 576
5 5
687 9 682 847 66
80 515 955 146 325
822 283 170 752 939
817 102 375 732 426
41 257 529 516 517
3 3
90 579 352
993 777 760
198 936 743
10 10
641 173 930 42 257 137 221 390 961 316
628 818 708 297 505 542 570 228 483 96
59 485 441 759 549 722 690 501 343 634
913 970 254 464 579 482 639 876 702 285
54 614 41 826 488 322 612 333 721 941
563 798 309 644 505 119 11 201 979 914
302 503 294 654 489 726 947 380 422 522
563 13 315 427 634 474 566 1 104 690
311 845 220 376 118 698 771 928 966 175
218 685 385 52 536 971 591 844 62 606
5 5
834 741 759 257 112
192 539 877 780 167
390 967 339 336 267
165 9 194 547 188
120 954 1000 403 230
3 3
533 149 521
758 469 507
147 739 532
10 10
545 758 597 450 804 871 739 361 700 98
92 818 805 872 47 846 507 757 178 483
307 367 257 74 438 490 102 187 323 635
805 70 773 75 826 84 755 676 447 171
251 176 122 252 815 527 670 319 850 134
657 671 775 233 606 529 848 567 234 474
921 819 879 273 839 840 392 991 832 233
304 731 778 546 407 586 684 445 795 910
469 241 721 325 746 978 683 749 217 340
983 378 472 694 894 410 185 460 591 956
5 5
377 676 755 581 849
745 606 792 824 858
512 115 243 518 371
514 356 605 163 804
741 392 401 821 968
3 3
290 966 834
498 708 106
193 946 59
10 10
366 627 359 748 785 447 549 831 497 190
896 85 327 684 340 541 455 856 400 352
59 288 26 715 974 436 68 93 38 973
210 517 9 485 801 939 544 123 134 449
69 752 5 926 967 867 871 380 218 545
220 333 371 82 455 881 647 640 295 683
145 464 447 949 770 600 87 982 250 694
135 339 659 205 188 301 679 895 588 712
490 755 177 855 460 875 540 586 786 478
806 433 658 336 233 536 430 634 718 623
5 5
972 364 738 457 843
993 986 941 161 545
690 432 351 929 640
243 940 162 576 437
700 379 395 328 121
3 3
821 656 418
669 61 30
840 887 683
10 10
353 489 734 888 171 483 377 877 358 220
584 67 807 468 653 149 206 734 249 65
748 635 39 425 717 404 613 867 145 990
998 964 894 410 646 593 391 989 965 366
271 876 442 321 880 673 182 786 264 934
209 459 902 309 397 851 905 953 671 96
527 112 26 698 415 970 201 131 474 293
323 445 438 85 867 693 795 503 753 719
461 72 973 208 330 593 328 918 654 109
91 552 623 112 421 577 959 364 284 753
5 5
847 742 289 448 96
241 275 486 789 894
330 322 801 685 255
956 347 821 348 227
880 322 605 411 367
3 3
916 335 463
910 81 754
537 212 366
10 10
104 381 320 811 327 629 919 375 43 637
897 382 448 490 286 203 698 87 884 575
806 193 568 388 539 280 913 778 689 185
978 912 997 484 71 409 17 542 814 429
767 405 680 692 658 853 52 153 449 609
642 749 309 564 943 104 962 388 375 14
437 936 501 207 1000 429 526 155 713 679
783 759 683 420 469 220 743 227 231 549
353 67 805 311 186 340 689 166 19 377
755 316 558 456 763 111 437 75 256 168
5 5
813 433 763 729 538
438 88 411 669 549
679 772 960 733 673
698 977 8 50 281
264 540 617 105 949
3 3
408 396 360
851 607 550
711 645 395
10 10
437 101 444 947 150 632 95 786 547 631
473 969 802 91 199 850 619 336 440 905
980 122 651 529 36 501 480 315 875 416
868 361 372 356 166 805 988 427 799 543
586 410 924 743 800 234 308 175 216 234
736 998 367 876 384 317 647 416 269 441
716 602 4 510 556 892 658 947 751 538
873 377 23 237 221 335 516 566 70 716
450 460 520 863 993 294 807 523 22 195
352 223 784 926 124 469 840 501 53 952
5 5
664 643 533 568 997
114 410 366 666 276
211 735 947 484 869
538 842 428 538 509
191 845 454 786 254
3 3
856 541 240
81 775 9
486 226 528
10 10
449 923 444 768 683 119 965 119 317 666
389 407 401 583 584 169 170 161 95 718
708 770 807 661 386 213 885 885 98 773
320 970 516 666 503 891 461 126 783 253
584 947 794 445 405 651 202 547 724 770
811 206 270 366 584 701 951 67 346 814
774 54 907 250 720 835 23 205 585 602
436 16 971 903 679 495 721 285 331 43
890 867 485 987 571 493 614 639 676 285
955 148 335 371 25 773 870 437 254 258
5 5
146 619 969 597 370
902 692 71 326 341
927 845 23 610 936
11 437 994 701 125
517 529 60 521 547
3 3
807 693 103
682 38 107
35 723 419
10 10
857 603 943 304 828 959 924 120 437 660
440 916 179 452 652 342 736 267 230 4
9 341 804 381 701 651 862 620 864 549
3 139 128 198 337 558 69 720 118 198
587 922 234 310 427 264 258 771 520 114
153 763 372 794 145 35 278 491 69 469
65 776 736 526 634 10 454 208 951 811
761 326 682 476 776 405 88 61 971 915
753 575 301 411 202 59 954 907 599 281
753 820 709 241 827 673 13 852 489 683
5 5
732 289 45 628 970
911 377 113 262 878
635 340 418 12 631
13 424 745 720 442
694 224 171 559 213
3 3
918 858 631
852 298 657
360 519 959
10 10
966 675 754 598 379 469 356 642 790 383
297 450 757 482 880 870 755 53 372 374
664 708 367 781 10 640 881 291 832 983
550 772 820 102 206 480 87 819 454 985
24 988 808 1000 744 818 310 892 169 196
533 116 318 693 534 975 466 456 12 875
466 846 972 624 185 272 672 62 331 672
925 914 263 241 993 19 781 182 854 961
431 744 402 737 229 252 888 928 915 189
572 478 453 424 677 554 48 970 49 900
5 5
189 505 429 800 96
519 286 469 408 413
434 484 819 797 313
847 18 108 893 70
406 518 394 377 454
3 3
538 91 69
785 209 261
41 111 65
10 10
990 372 335 868 80 342 488 325 967 121
962 48 144 827 103 433 812 384 668 437
697 101 228 426 579 784 505 639 510 578
12 126 103 805 165 904 278 921 563 159
418 96 216 170 997 900 133 372 447 85
600 353 945 881 564 444 59 663 95 838
639 544 27 357 38 143 866 913 826 61
283 859 427 909 809 732 968 961 383 496
293 988 166 216 367 482 824 149 4 187
97 839 199 462 177 813 695 145 306 224
5 5
482 393 665 715 66
692 345 174 664 927
62 101 139 56 241
844 815 962 829 975
83 665 352 793 965
3 3
955 715 623
177 301 907
391 656 29
10 10
212 462 706 920 424 55 26 873 26 871
442 683 939 678 246 671 676 569 119 486
117 988 57 173 134 931 57 206 334 808
870 767 397 389 674 906 807 343 300 493
716 857 584 241 473 322 184 332 446 89
741 630 644 162 339 558 843 242 925 119
287 800 380 594 708 795 653 79 161 964
88 422 322 398 265 132 121 345 571 302
881 583 712 603 98 910 459 2 688 999
87 306 898 367 464 84 459 355 813 968
5 5
734 863 328 400 610
627 221 788 118 190
592 460 251 778 765
117 907 478 270 147
909 755 590 888 143
3 3
215 794 673
974 974 831
234 221 563
10 10
476 701 422 171 742 205 799 958 858 963
466 770 878 98 716 352 869 359 929 726
248 13 850 135 80 209 687 809 977 453
371 905 392 712 199 655 611 375 145 887
216 169 235 422 747 12 979 83 142 713
613 457 93 221 989 92 728 603 182 108
959 89 844 572 23 587 811 266 621 138
378 182 842 456 736 667 712 696 59 49
410 833 312 835 905 224 899 835 965 945
484 153 548 795 395 846 269 473 289 13
5 5
945 348 636 946 569
971 37 369 282 189
212 167 258 965 537
725 40 762 737 910
511 428 818 953 303
3 3
314 450 935
350 388 90
599 416 231
10 10
207 361 629 527 255 227 764 572 992 523
950 246 283 503 757 538 921 795 40 304
582 821 637 808 85 909 206 183 88 132
105 992 600 777 129 456 933 472 924 791
663 890 781 602 366 572 847 262 576 229
444 796 711 832 594 25 847 508 436 606
590 456 42 507 328 103 859 97 764 210
115 734 891 309 760 69 59 990 750 553
118 639 461 790 77 363 189 653 899 355
614 901 120 209 152 875 737 539 211 655
5 5
915 156 293 13 463
873 148 205 905 316
666 62 469 867 269
483 484 923 869 69
330 518 602 440 138
3 3
703 468 792
695 130 62
744 858 537
10 10
949 403 986 822 618 685 898 486 250 32
575 124 397 375 180 417 412 545 692 908
442 647 700 83 455 964 298 804 959 482
452 958 506 921 633 765 110 560 762 90
893 427 830 568 632 962 524 50 997 989
599 148 184 899 643 255 267 645 243 955
564 534 489 940 400 647 332 823 956 215
192 541 351 281 379 381 194 617 370 455
957 613 683 355 753 921 310 419 251 711
148 85 915 702 613 386 708 789 423 972
5 5
189 126 580 156 58
537 586 48 650 348
829 159 547 629 113
476 477 631 534 778
84 771 496 429 485
3 3
913 266 721
454 520 908
661 304 295
10 10
788 888 392 100 678 362 402 240 624 177
439 34 966 827 758 821 371 975 90 820
726 452 26 688 822 210 473 316 685 738
412 224 691 89 510 85 319 4 372 561
612 462 312 56 983 832 573 810 837 258
662 542 965 235 867 911 603 630 18 946
161 317 520 280 131 891 342 31 750 11
306 120 57 190 661 383 887 781 676 478
880 999 120 404 781 216 829 648 142 692
913 12 347 997 145 755 94 760 289 955
5 5
49 834 971 854 837
44 760 882 874 285
942 477 30 907 193
50 617 483 103 760
403 983 717 458 203
3 3
474 663 249
733 11 575
714 548 281
10 10
631 781 699 993 766 712 589 984 252 305
531 548 820 911 516 847 90 823 717 33
429 686 372 472 128 76 620 548 820 795
617 108 444 478 995 397 631 126 978 973
140 692 784 217 214 962 545 736 183 346
865 581 847 575 601 893 379 919 703 609
457 54 487 449 330 380 292 240 10 897
779 405 22 98 204 649 935 876 339 185
811 544 497 658 600 278 807 336 864 745
454 955 391 280 952 642 857 125 582 48
5 5
199 525 553 466 407
630 350 356 199 251
282 195 383 163 967
445 554 11 165 337
57 793 999 118 562
