100
5 5
687 288 426 688 398
792 149 842 262 601
320 713 495 556 54
307 271 664 280 414
704 242 736 284 659
3 3
585 929 670
561 304 923
515 945 356
10 10
481 683 585 222 993 685 20 152 875 393
653 828 32 309 523 938 62 804 586 814
38 837 866 579 598 818 2 524 478 82
128 823 397 135 672 239 506 729 915 790
769 202 312 12 923 141 797 315 996 270
909 649 898 298 77 32 944 328 150 767
542 169 120 998 262 230 988 505 551 18
645 957 699 13 194 46 507 449 900 63
819 473 289 304 518 626 337 632 593 956
258 959 230 54 839 481 861 890 216 923
5 5
724 493 516 839 93
132 302 507 275 27
367 801 906 458 331
126 788 248 519 278
71 963 19 218 66
3 3
332 895 221
155 601 890
376 172 515
10 10
626 152 864 21 587 398 677 975 29 659
663 918 929 897 387 382 773 998 5 453
899 369 96 644 566 779 948 791 336 854
329 813 16 387 758 905 41 529 907 511
990 865 47 869 537 825 758 251 68 137
352 320 193 950 193 608 263 155 406 178
526 67 360 32 583 654 425 483 29 11
135 265 42 593 467 330 754 645 96 816
74 200 374 268 509 216 475 549 757 109
116 769 405 246 966 26 351 220 254 576
5 5
709 389 363 277 954
864 448 472 777 910
271 425 363 944 204
686 445 29 977 282
629 293 522 533 926
3 3
711 563 12
96 465 87
51 676 89
10 10
23 571 936 63 42 493 946 566 167 371
861 620 704 174 935 197 969 511 964 295
4 48 872 67 626 673 228 852 743 370
692 117 928 347 20 754 429 452 153 60
1 973 342 290 955 889 59 510 245 496
373 429 424 894 641 419 658 869 352 892
274 802 293 958 942 113 852 51 85 227
209 515 76 589 532 186 865 729 206 12
31 792 97 591 981 258 618 81 747 596
500 508 3 279 575 839 951 576 849 561
5 5
396 816 166 622 686
965 151 230 596 331
507 603 60 482 402
894 41 776 103 878
306 527 93 706 11
3 3
754 530 449
242 916 842
851 849 416
10 10
700 809 195 533 278 560 645 499 196 833
660 205 476 807 492 606 733 411 634 717
89 30 103 756 485 108 202 384 275 821
753 275 559 943 299 623 119 377 75 936
312 456 386 70 816 14 800 288 756 337
567 915 505 454 142 718 470 775 52 72
42 155 909 244 560 539 641 450 598 567
51 14 693 585 475 152 386 593 192 511
138 504 235 280 767 650 898 994 834 130
474 984 595 382 739 269 914 564 468 270
5 5
37 354 573 149 666
109 953 1000 977 852
35 894 586 153 96
638 514 239 94 868
670 220 195 423 708
3 3
188 599 511
310 381 950
583 115 873
10 10
401 651 322 637 929 219 1000 965 243 659
384 480 256 174 436 757 630 138 930 253
886 869 179 207 129 786 672 892 929 941
492 419 530 750 596 308 135 739 199 933
784 637 345 542 476 806 184 826 266 728
930 539 289 621 865 494 716 915 878 1
726 353 96 862 734 375 575 354 575 46
591 436 969 362 302 480 809 795 724 678
954 248 360 804 990 225 582 436 688 870
237 742 907 584 484 514 419 356 994 127
5 5
902 681 694 846 636
960 141 373 287 865
460 921 792 502 736
46 981 50 664 542
695 261 749 657 107
3 3
312 612 739
767 837 146
455 752 282
10 10
42 183 350 955 677 265 474 527 740 949
438 681 1000 785 926 276 860 455 746 128
810 304 75 226 454 355 80 258 453 751
115 973 456 427 726 797 528 693 37 476
981 328 701 803 370 221 994 962 339 733
538 119 150 407 868 307 283 563 856 901
714 71 811 210 786 876 957 622 297 286
983 281 625 909 621 71 875 143 830 51
189 865 752 374 811 242 238 877 956 710
86 301 663 735 146 707 606 498 578 41
5 5
590 777 790 533 60
194 735 266 55 460
897 606 716 681 218
941 194 889 250 80
640 898 319 46 923
3 3
968 687 325
984 548 50
703 827 774
10 10
89 706 347 700 259 857 947 61 599 932
74 490 456 155 820 741 926 411 209 615
419 895 503 519 984 736 322 71 153 206
771 516 831 494 261 39 868 392 517 111
432 361 638 167 180 542 837 850 364 214
789 589 87 829 141 163 532 537 142 753
24 884 910 386 604 568 561 759 800 340
703 948 377 146 917 391 36 169 814 452
892 327 742 494 972 252 190 771 708 228
939 350 87 641 434 842 980 434 518 526
5 5
606 111 984 96 737
270 441 513 242 182
784 1 43 911 440
991 542 120 479 677
104 736 532 834 179
3 3
140 885 491
505 691 573
167 132 801
10 10
154 330 90 596 557 918 53 3 64 105
542 503 15 200 600 67 656 478 333 237
498 618 499 794 992 849 405 454 913 420
11 884 558 166 351 517 887 157 313 978
23 101 693 563 202 418 808 342 471 751
984 514 864 782 206 912 307 102 850 871
361 562 736 588 822 508 224 23 466 473
810 141 338 124 852 67 408 80 261 631
772 316 710 393 217 650 180 525 983 121
396 138 610 198 124 305 53 978 649 884
5 5
478 884 662 307 6
54 634 974 975 429
867 391 975 435 848
670 277 686 115 891
48 316 106 924 293
3 3
659 408 544
113 456 297
511 89 599
10 10
246 890 585 84 186 340 437 894 259 446
351 85 948 150 110 775 723 377 45 502
565 43 896 435 717 386 589 545 825 200
864 411 89 739 671 739 349 376 849 930
736 718 513 830 514 33 710 491 221 228
196 27 5 78 439 182 157 180 274 588
912 473 514 488 882 222 866 968 804 661
656 802 421 911 956 73 685 477 774 268
52 751 915 252 447 33 750 457 888 482
102 87 780 410 947 483 453 356 731 352
5 5
286 897 329 655 703
990 397 101 512 719
739 470 439 488 814
668 705 892 490 265
896 324 982 670 755
3 3
439 236 483
184 628 540
841 256 548
10 10
19 123 520 17 265 526 840 792 50 948
438 264 924 548 785 252 63 990 682 279
399 543 837 294 429 121 346 139 900 185
398 185 949 798 972 276 15 293 207 52
22 347 966 216 291 176 894 644 912 742
234 281 397 193 431 506 817 421 983 46
208 135 139 227 593 955 775 339 350 602
318 851 889 606 509 423 734 658 163 62
200 166 464 960 866 853 607 110 621 631
359 993 748 453 265 295 454 62 798 591
5 5
497 551 294 847 908
669 980 159 722 100
458 764 828 250 201
649 702 778 647 264
408 283 811 614 699
3 3
57 392 436
923 600 858
902 950 960
10 10
449 125 821 460 471 816 567 12 327 931
377 442 522 83 74 204 15 640 755 247
841 893 423 537 925 819 249 458 682 554
707 111 296 731 700 890 347 134 847 192
490 713 629 779 404 408 723 495 649 564
680 46 223 613 386 365 85 730 676 569
746 23 493 327 416 226 812 291 544 741
843 84 720 879 769 752 18 435 480 416
837 114 450 857 794 297 136 620 765 352
736 909 122 951 972 430 361 513 640 441
5 5
305 369 166 13 682
396 677 694 122 677
254 694 523 426 88
200 495 993 200 17
917 977 321 704 849
3 3
935 59 675
30 93 16
676 995 917
10 10
721 201 41 770 737 747 647 790 13 98
893 962 643 125 956 534 178 174 598 743
61 477 4 187 10 912 548 432 919 139
516 455 701 527 818 700 446 20 452 688
406 582 808 796 708 743 679 405 97 682
60 939 660 289 189 564 198 904 570 875
301 109 479 572 228 848 436 767 108 460
344 40 30 901 107 347 762 226 458 753
897 202 637 241 46 137 356 561 287 560
551 881 566 760 429 27 969 399 451 614
5 5
456 560 395 657 382
718 623 173 788 103
330 549 507 988 572
52 300 635 910 430
715 823 37 307 16
3 3
574 791 856
897 317 111
766 776 668
10 10
724 696 183 588 148 634 692 205 95 454
208 872 642 947 639 391 311 854 172 359
72 143 511 534 541 388 405 447 427 391
525 891 764 352 387 247 753 242 393 341
921 989 360 70 656 614 974 808 828 591
791 125 19 851 463 878 727 988 558 561
750 150 375 982 498 2 869 169 81 677
872 514 697 825 517 848 771 75 954 540
750 435 241 222 112 149 805 755 674 525
118 644 880 779 750 724 254 998 384 737
5 5
545 69 709 615 354
661 875 271 724 623
511 287 896 785 956
14 179 827 133 724
167 851 537 129 568
3 3
895 411 961
415 310 236
668 739 856
10 10
860 66 210 846 827 414 107 449 229 723
122 600 868 518 9 271 160 669 140 237
72 493 522 86 601 4 384 774 226 578
156 269 691 968 528 493 984 49 171 561
403 360 457 742 547 610 271 118 657 744
107 4 634 199 898 370 80 398 115 555
940 784 774 860 886 262 809 84 350 540
619 769 186 13 815 930 750 529 849 950
93 309 649 275 507 203 663 804 547 756
56 365 679 549 437 672 623 774 963 54
5 5
640 876 653 382 50
794 239 672 661 954
310 598 31 896 367
231 171 920 693 949
983 553 592 799 688
3 3
6 794 177
508 230 486
209 940 305
10 10
387 927 682 155 478 9 357 256 336 585
840 480 232 3 830 70 336 627 939 639
836 763 373 864 725 21 914 183 331 50
679 316 309 397 901 976 859 664 937 76
572 692 483 813 208 428 49 191 582 831
520 432 673 803 477 247 777 302 725 948
507 433 932 954 113 218 573 956 892 413
952 838 989 275 556 280 479 641 858 177
577 464 106 662 313 690 913 851 452 950
403 677 508 929 650 121 818 70 531 767
5 5
356 706 459 154 714
385 961 366 898 280
862 392 653 301 733
342 521 922 550 777
807 45 855 202 609
3 3
575 424 771
423 417 16
802 420 370
10 10
118 182 629 5 29 220 690 584 559 474
265 527 20 761 372 967 536 115 944 778
601 150 306 799 183 199 804 739 99 245
86 730 392 736 317 763 339 384 257 677
414 266 590 997 667 255 438 412 405 556
103 890 845 909 192 25 936 139 686 133
438 344 790 34 251 80 445 945 27 77
204 999 306 924 511 494 178 447 585 861
236 912 187 775 790 668 974 356 197 410
433 705 650 529 587 190 426 518 852 617
5 5
856 449 339 906 592
415 552 421 17 178
594 759 978 530 854
758 348 154 251 749
299 564 635 677 999
3 3
294 774 160
302 607 151
676 719 127
10 10
41 387 68 387 550 915 86 708 443 38
40 350 322 882 373 666 898 551 523 506
423 289 604 777 732 305 149 729 932 69
591 270 15 554 816 687 520 146 280 70
901 692 452 925 419 544 696 60 154 268
355 732 44 727 769 684 461 429 18 365
213 3 735 645 202 349 133 442 80 322
516 922 743 222 439 122 704 965 147 866
222 933 488 428 158 346 47 733 275 18
660 636 956 885 928 479 978 407 699 485
5 5
889 400 598 469 942
528 101 933 457 466
515 64 98 872 365
105 206 934 856 8
721 505 957 436 8
3 3
85 318 500
367 837 827
201 773 938
10 10
920 170 932 201 238 460 253 697 741 766
957 84 330 431 141 576 891 944 943 651
312 788 559 590 147 418 661 170 570 674
38 76 300 330 587 777 742 910 528 986
486 421 990 451 111 927 395 39 908 301
400 400 708 672 832 889 589 569 687 453
130 36 583 406 709 36 515 856 869 622
725 406 903 142 628 269 874 663 317 312
234 921 221 844 4 159 513 981 144 140
451 573 949 446 775 587 832 776 945 681
5 5
623 170 55 771 511
501 294 559 255 383
3 223 576 7 688
37 300 854 943 250
689 799 475 615 482
3 3
328 862 816
13 906 529
294 387 484
10 10
208 721 753 176 269 332 775 77 124 504
452 194 402 616 927 477 6 769 759 737
589 329 92 202 36 957 110 485 377 268
817 109 160 20 323 925 772 625 700 673
723 494 429 139 606 928 369 507 640 680
310 328 358 311 70 180 650 886 168 438
837 557 475 985 404 113 113 651 594 771
200 336 404 735 58 401 908 223 563 287
923 586 798 466 675 946 898 452 749 375
815 746 574 792 932 544 464 21 287 634
5 5
366 99 9 497 344
780 597 52 788 326
765 746 403 456 409
251 716 392 237 638
560 599 475 705 664
3 3
594 667 371
581 675 461
324 496 602
10 10
707 764 544 543 260 921 564 722 817 406
292 332 564 1000 21 307 620 292 640 241
684 703 48 333 339 391 837 872 202 169
841 953 758 99 192 233 558 599 343 768
518 345 159 467 981 625 487 616 883 754
719 179 552 771 671 926 898 358 428 365
921 286 410 447 164 130 513 129 246 564
711 455 786 289 642 902 279 632 64 856
859 293 329 727 352 691 700 554 898 928
238 442 366 926 312 708 374 645 186 537
5 5
771 417 236 207 216
687 143 45 181 628
68 552 670 503 612
70 710 848 492 92
876 646 585 48 90
3 3
109 116 250
498 210 82
89 242 423
10 10
35 464 543 505 297 925 91 192 978 399
986 648 73 449 319 324 271 953 522 929
697 634 539 716 281 603 740 913 815 530
650 580 524 454 914 203 268 549 5 591
666 252 404 343 583 453 387 308 419 540
265 723 226 229 83 273 349 206 515 401
241 643 221 153 217 488 531 928 741 185
615 297 427 949 303 963 759 399 738 59
953 994 31 343 491 653 516 38 420 878
608 730 284 78 408 70 571 154 155 763
5 5
19 922 955 465 595
681 764 813 607 335
441 785 410 690 437
195 524 596 160 565
695 202 740 291 818
3 3
256 463 981
582 11 234
776 438 568
10 10
307 649 132 221 603 402 801 495 139 286
271 703 195 544 936 899 913 783 382 995
902 800 53 552 36 336 899 875 96 632
833 284 418 868 510 107 347 475 79 576
331 284 582 503 543 880 715 66 460 22
470 564 876 755 122 790 759 546 701 720
466 910 329 303 417 256 66 426 996 875
494 544 663 341 35 427 729 447 733 436
473 593 824 326 43 896 584 527 13 554
210 864 745 791 273 327 315 915 657 964
5 5
94 908 924 978 109
78 359 936 161 847
390 586 254 108 449
447 216 990 263 35
342 925 810 137 285
3 3
539 588 383
626 278 995
15 799 694
10 10
593 474 496 289 518 244 860 463 115 502
314 751 207 257 383 338 31 837 829 282
331 988 382 236 29 441 970 931 850 55
220 790 155 949 297 299 769 855 495 50
992 657 657 266 42 702 311 491 9 405
749 486 729 728 637 45 987 853 92 554
953 226 681 313 230 669 816 851 998 84
761 201 501 115 47 939 661 115 430 26
247 276 244 502 726 423 461 188 311 150
900 262 505 177 583 919 204 509 871 603
5 5
446 535 183 746 764
366 248 21 563 78
66 278 621 649 728
881 354 113 829 834
962 286 862 929 763
3 3
382 590 235
142 580 187
741 181 653
10 10
606 567 187 354 806 126 885 560 744 881
544 117 778 285 602 38 475 648 898 181
20 781 48 252 260 284 747 241 161 197
455 910 532 521 105 725 135 981 796 89
344 682 616 829 81 417 833 451 735 94
139 569 624 748 171 420 448 826 146 513
549 173 511 314 223 959 27 780 414 51
258 654 613 194 879 419 170 876 744 814
485 138 308 55 298 70 274 959 104 333
661 260 511 150 466 716 884 236 364 100
5 5
621 769 712 297 36
983 861 113 4 64
37 601 211 61 615
49 74 667 213 299
966 746 769 692 982
3 3
177 290 553
647 85 173
687 902 117
10 10
665 730 950 427 857 468 859 472 497 910
900 321 970 819 149 355 981 40 465 759
116 837 893 775 454 397 729 753 693 157
958 302 976 350 913 57 603 52 106 685
958 644 261 903 827 888 740 344 898 548
782 809 180 364 3 331 754 700 217 316
876 651 295 132 104 432 675 810 687 222
914 929 194 424 35 991 296 123 765 432
734 222 324 834 917 726 134 268 104 708
28 368 552 388 332 300 68 934 350 476
5 5
360 590 387 770 741
293 477 159 213 606
88 564 614 202 430
772 837 667 771 115
777 861 297 478 179
3 3
417 841 415
194 152 586
904 513 676
10 10
113 793 783 728 297 536 308 111 210 325
768 791 384 991 152 324 216 511 283 657
663 639 101 479 427 538 407 933 379 761
296 271 896 485 80 484 295 738 901 971
68 37 277 328 146 750 276 355 770 121
767 384 319 607 232 986 688 793 672 843
682 319 143 17 181 890 989 218 686 280
958 709 922 963 497 616 397 449 608 631
381 389 79 252 18 930 532 610 989 598
325 869 726 839 139 760 437 606 563 519
5 5
843 14 485 7 975
613 901 156 572 770
112 322 221 517 249
804 267 778 323 594
858 751 696 963 950
3 3
813 457 531
163 587 452
369 247 517
10 10
59 864 704 2 723 658 579 551 75 878
662 587 791 137 771 957 412 28 311 276
422 582 94 70 808 160 707 54 947 74
171 311 429 919 308 785 604 319 870 968
249 539 122 36 816 389 901 918 777 190
671 622 137 469 374 162 87 545 405 848
38 274 741 25 714 686 508 794 107 453
567 816 961 500 831 491 214 378 32 568
502 678 108 284 868 464 944 46 924 284
89 43 178 796 622 528 84 733 581 806
5 5
862 981 895 191 7
623 204 906 764 877
633 912 962 744 307
484 353 307 790 874
870 529 546 496 583
3 3
352 889 57
425 87 424
199 182 77
10 10
402 471 327 41 928 307 413 287 281 745
294 153 730 749 654 891 631 356 357 506
993 78 699 564 236 538 108 905 154 435
145 51 990 881 64 959 850 65 890 152
682 688 378 823 698 256 174 11 549 819
894 731 46 44 416 158 95 113 194 300
356 91 416 983 499 360 815 278 243 551
390 685 820 561 15 140 962 71 468 521
837 768 394 557 359 986 67 114 526 380
612 342 401 196 652 807 505 161 283 740
5 5
469 430 921 441 949
926 498 882 109 589
336 473 865 852 416
611 846 973 76 474
823 64 837 470 571
3 3
545 97 69
623 599 606
662 372 861
10 10
131 648 968 184 69 626 169 121 520 740
15 270 37 801 359 244 159 720 859 96
111 89 257 978 520 891 967 819 886 772
13 187 651 78 443 85 410 697 543 42
351 955 277 40 537 590 182 135 401 199
55 636 11 714 784 646 301 724 848 160
106 777 428 678 485 954 944 818 60 528
870 367 95 228 872 459 369 559 720 828
130 747 726 958 632 151 536 211 211 451
850 368 723 573 715 257 112 866 13 61
5 5
267 710 940 591 14
618 636 440 736 518
137 264 944 227 782
472 403 101 511 666
491 115 887 3 355
3 3
961 669 760
438 366 139
835 295 137
10 10
824 630 428 389 665 825 638 517 840 701
995 62 871 959 907 198 874 524 278 786
271 12 542 348 236 878 719 727 974 997
357 167 735 496 257 733 473 256 353 419
870 526 489 477 172 986 748 189 933 267
140 886 700 185 840 816 132 135 888 587
557 912 23 626 359 306 327 867 732 54
447 413 444 315 362 894 479 727 454 780
735 16 295 474 485 346 702 220 106 482
409 434 806 677 423 247 469 676 806 858
5 5
846 360 310 432 271
33 943 441 920 778
59 677 624 458 826
735 476 578 717 137
316 635 233 847 192
3 3
913 648 637
162 162 985
873 24 567
10 10
832 4 303 522 214 924 195 804 978 383
43 178 210 958 836 718 285 360 933 63
276 649 352 704 198 663 223 229 412 447
694 30 973 129 931 100 872 597 324 750
775 136 366 958 477 734 631 839 730 846
344 888 812 718 137 431 709 508 423 594
743 517 866 701 134 731 403 276 858 904
504 659 131 324 679 939 712 777 391 275
534 110 455 756 971 448 676 60 41 475
197 867 81 159 197 938 209 196 230 908
5 5
428 786 889 283 334
132 684 205 514 669
614 642 835 310 730
377 673 47 92 859
378 202 744 530 248
3 3
772 990 415
866 912 967
486 81 655
10 10
881 994 832 430 86 528 474 996 281 237
846 218 423 936 979 679 613 622 511 831
237 252 304 364 378 918 748 219 75 373
806 473 110 135 494 813 83 224 451 877
805 806 858 945 956 955 949 183 706 580
631 77 341 346 128 508 742 66 6 114
250 801 199 731 892 252 49 29 62 661
656 925 580 444 421 775 164 940 290 667
509 578 6 386 218 875 653 123 12 193
244 664 178 687 291 728 100 748 145 503
5 5
616 818 677 633 483
754 737 337 268 790
328 223 327 97 306
443 543 585 751 978
554 577 18 355 564
3 3
535 271 957
748 78 938
375 291 80
10 10
239 88 184 651 755 508 918 201 211 982
900 528 936 582 334 375 676 748 61 383
843 936 305 835 442 537 959 319 741 609
341 244 191 753 372 489 822 105 103 229
433 195 142 190 637 746 695 426 1 111
112 975 45 383 280 926 151 78 77 464
38 942 139 243 267 716 862 528 337 685
981 426 386 68 192 263 723 551 314 186
15 106 175 630 928 205 779 72 996 15
498 473 498 772 721 172 437 305 140 546
5 5
988 680 603 96 960
854 415 248 970 278
948 832 833 728 485
382 889 443 105 617
397 596 48 720 103
