100
2
200 100 100
2
1000000000 1000000000 1000000000
2
1000000000 100 1
2
250000001 0 1000000000
1
9180205 8358693
1
3340514 5334019
2
6722520 1773924 2299339
2
11060546 7283706 6509693
2
14522676 1838308 342375
2
6971429 553562 721131
2
9030766 8853202 4029976
1
8315642 4401512
1
3722941 1290289
2
10509976 2282771 2087084
1
2939564 3701710
1
7786135 9522453
2
14846152 7892544 9974265
2
8953969 9242248 1000847
1
1485650 889281
2
9519691 6580946 9339820
1
9121969 6426536
1
1404237 368250
2
12638461 8923556 6054231
2
13387275 4054727 3594408
1
1743390 1478350
1
1704886 2713095
2
5802583 1729401 2682537
2
8582525 3427857 9872428
1
9726125 3162297
1
2667923 2306937
1
8890195 8173390
1
2495384 4202885
2
4216667 1289936 9106984
1
1925525 469265
1
4441721 7592075
1
2215796 2582524
2
5116610 4726122 7015111
2
9551728 634287 530031
2
7546031 5411959 7376677
2
8320651 7537708 5727883
2
9157176 855823 949988
1
6883123 6839966
1
2202897 1355653
2
7118687 7291925 4864561
2
4689867 3641413 6436007
2
4257440 3897899 4186778
2
14181079 2923236 4772364
2
5408666 7075090 3141785
1
4710191 6766509
2
4162327 778155 439095
2
10176651 8807098 3559055
2
12036842 9787759 8919826
2
6094522 389318 497890
2
19263143 2388343 529729
2
7402227 6471537 4168526
1
4288526 3439582
1
7169214 7045516
2
10651362 824522 939504
1
2797569 1328909
1
5159584 2334220
2
4132198 3209260 7498791
2
5755726 8262159 1899700
2
16382667 6451436 7278429
2
7927048 4215856 7266758
1
4223774 4967469
2
16112222 5770372 2827268
2
14992885 3998854 4705395
2
13461336 7728457 8183639
2
8560697 1875806 9945068
1
1880837 3293246
1
1537016 1719200
2
7431134 3234853 855066
2
7027197 8574789 2828259
1
6307329 3571597
2
6135336 2645681 608628
2
6345648 6867775 3500625
1
3073597 4187442
1
6254220 9527175
1
5711498 5471477
2
4398979 5668469 1091505
1
6105000 9075648
2
6545761 1748222 5627382
2
4847308 4084172 6629809
2
11184481 4507746 6168602
2
9383662 1880227 336422
2
11048202 5023174 9106232
2
14321035 5265118 4403373
1
3448294 3019848
2
10265965 1961317 461971
1
4279327 4491790
2
6670031 9897444 2189411
1
1822242 1813590
2
11613954 2283694 9143207
2
6591321 424059 405733
2
12850232 5698491 2884657
1
1406812 1365737
1
1753114 2778392
2
9238720 3626989 5963531
2
9798923 5604603 9761202
1
4612653 5792063
