100
948 8
8 2
139 244 266 307 343 497 521 795
53 77 70 23 7 89 13
3 1
401 683 882
61 32
8 2
129 141 206 318 416 450 836 962
58 19 86 55 47 24 44
9 2
129 132 212 300 359 377 455 877 969
81 3 18 23 78 92 15 31
5 1
98 169 246 434 664
69 73 49 68
2 2
634 889
64
4 2
290 401 559 737
57 30 91
6 2
251 270 486 752 865 957
70 15 52 43 22
934 8
4 2
219 304 550 748
16 12 11
9 2
82 84 161 235 267 392 564 794 846
15 22 7 22 19 5 2 21
6 2
334 549 732 744 782 816
22 7 19 14 6
4 1
137 207 364 591
18 3 7
4 1
285 398 528 557
13 11 5
9 1
38 55 82 117 153 231 454 691 993
10 13 17 9 7 22 21 15
7 1
136 265 410 471 581 855 982
13 20 6 3 1 15
2 2
451 753
18
975 8
8 2
32 62 66 100 180 189 305 557
19 21 24 11 3 6 18
5 1
349 427 459 521 662
10 19 9 3
3 1
244 331 565
2 23
2 1
479 812
17
5 1
459 462 644 697 725
23 3 3 7
10 1
34 65 85 121 131 138 231 333 356 623
5 4 20 16 21 3 8 1 5
9 2
71 77 83 103 118 219 235 327 513
18 10 4 13 8 6 3 4
2 1
392 677
2
985 8
4 1
205 219 275 500
9 9 19
7 1
111 125 196 388 715 740 814
13 25 26 7 26 7
1 1
766

7 2
119 180 271 275 293 454 634
31 27 24 19 14 16
2 2
508 513
6
4 2
374 379 380 642
14 17 6
10 1
133 235 269 318 386 468 478 577 606 673
17 20 25 22 17 1 15 30 8
1 1
655

969 8
10 2
212 415 422 487 492 592 627 637 819 828
37 55 22 26 95 92 6 42 92
10 1
66 95 167 222 406 409 410 437 541 894
41 13 95 77 94 77 54 77 91
10 1
33 40 47 52 80 148 255 307 377 652
19 82 87 87 52 12 61 38 78
10 2
13 17 30 34 63 103 130 261 506 918
24 12 86 23 63 8 43 72 52
10 2
149 203 246 291 314 369 456 610 796 946
92 67 85 20 58 45 14 94 16
10 1
57 75 99 162 212 223 355 366 511 973
87 94 19 34 67 12 80 87 54
10 2
88 164 290 294 320 378 420 425 462 798
4 32 9 51 16 38 95 40 73
10 2
41 45 73 88 151 200 260 371 456 750
60 73 79 15 8 83 37 59 14
966 8
4 1
417 466 570 755
20 10 10
8 2
131 138 189 322 384 536 796 867
19 22 20 10 6 2 23
4 1
400 410 516 717
3 21 7
4 2
157 223 296 581
23 23 4
3 1
398 448 657
4 3
9 2
88 127 179 323 332 365 432 711 835
17 12 8 6 2 21 21 11
10 2
63 121 177 188 229 259 301 442 495 686
8 11 11 9 12 19 15 7 22
4 2
280 353 411 652
15 22 19
911 8
2 2
533 750
21
5 2
446 562 673 688 995
25 23 4 13
8 2
79 83 118 143 147 287 498 643
27 28 1 5 29 23 24
3 2
203 394 671
7 29
8 1
35 42 76 118 210 369 581 863
11 6 11 5 1 16 22
6 2
193 321 420 511 574 594
9 10 16 6 2
2 1
962 966
7
10 1
40 54 69 82 156 166 311 465 666 960
12 27 29 18 11 7 15 28 29
928 8
3 2
420 502 528
12 15
8 1
117 214 247 337 526 599 622 865
2 20 3 2 23 2 6
2 1
428 803
9
6 2
266 316 412 458 568 796
16 11 19 2 4
2 2
458 763
5
4 2
260 408 718 819
23 3 19
6 2
127 134 140 268 394 542
3 22 9 6 21
9 2
64 66 69 81 134 140 178 338 605
5 23 18 11 4 14 3 8
923 8
6 1
151 215 248 371 551 600
38 34 8 44 21
9 1
17 29 33 66 126 225 340 357 520
19 25 39 18 21 43 41 11
2 2
551 831
45
3 2
310 342 551
30 5
8 1
77 87 130 168 291 306 464 552
44 7 43 32 46 30 10
4 1
458 492 829 859
25 34 17
3 2
372 381 561
15 38
4 1
197 394 605 646
28 44 34
992 8
10 1
22 30 34 68 85 116 216 415 588 794
33 7 4 35 16 12 41 48 47
10 2
38 40 54 59 86 146 237 423 475 687
13 24 27 10 5 9 28 16 25
10 1
95 140 235 284 382 523 529 719 764 965
36 15 45 29 5 41 46 24 39
10 2
29 39 41 66 131 140 238 317 480 818
12 41 12 27 18 31 9 46 19
10 1
14 23 43 71 76 139 167 300 488 644
37 44 11 12 7 4 41 14 7
10 2
46 48 93 94 107 178 203 250 497 960
34 37 30 2 10 27 43 34 49
10 1
75 90 143 246 260 306 583 698 710 916
2 35 13 1 48 3 28 30 23
10 1
76 83 91 118 156 195 323 337 351 622
39 33 24 46 29 39 29 27 27
988 8
9 1
130 192 213 272 390 422 433 513 738
36 32 7 17 28 17 11 29
5 2
143 147 172 298 510
17 47 28 32
5 1
149 289 322 585 672
8 48 49 3
3 1
242 402 534
18 23
10 1
44 56 79 126 173 262 358 372 658 800
32 4 32 20 26 24 49 32 26
4 1
294 354 454 502
19 15 5
2 2
832 946
38
5 2
170 294 350 586 806
30 19 11 32
993 8
9 2
88 171 194 317 470 508 707 836 954
24 45 21 9 10 28 20 48
9 2
84 168 213 214 335 357 442 716 738
16 49 6 31 49 23 15 48
9 2
79 132 221 301 389 433 610 806 956
29 2 45 11 10 20 1 48
7 1
72 74 132 188 358 502 948
22 37 4 23 15 7
9 2
119 201 294 302 323 419 754 876 932
9 13 19 9 26 47 24 30
2 2
875 904
32
8 1
42 51 96 110 158 225 376 695
28 8 24 1 4 16 44
3 1
463 491 610
18 11
931 8
9 1
28 45 66 115 149 241 251 296 538
1 2 36 15 4 46 16 3
1 1
605

4 1
591 597 743 953
12 7 37
10 2
41 71 92 99 128 132 171 327 389 667
11 27 13 32 22 24 34 30 28
8 1
51 72 131 156 205 277 476 887
35 38 46 45 39 19 4
5 2
280 340 441 494 746
1 39 30 37
2 2
415 741
25
1 1
932

905 8
4 2
179 186 319 638
45 5 23
7 1
129 215 419 515 766 811 935
43 28 16 42 21 45
6 1
245 303 471 518 662 673
41 40 35 25 34
9 2
110 132 182 239 303 325 399 775 821
35 4 10 41 26 27 38 14
9 2
102 142 214 301 312 373 403 415 694
3 28 38 32 4 7 32 38
8 2
69 86 167 179 349 482 484 867
30 26 17 37 17 4 9
6 2
69 135 255 304 494 580
44 11 35 44 5
8 1
157 174 319 385 452 499 551 945
35 38 42 1 1 1 20
936 8
5 2
135 247 349 481 618
3 28 21 20
3 2
491 656 738
21 30
2 2
908 951
18
8 2
192 223 348 423 484 562 565 738
24 24 28 26 29 23 5
1 1
841

7 2
86 137 181 187 195 365 722
16 19 22 9 21 15
9 1
24 31 49 93 102 129 163 319 626
8 25 28 23 12 28 22 23
10 2
21 31 45 62 117 149 242 332 526 969
9 4 31 27 3 18 15 27 12
959 8
2 2
289 577
19
9 1
61 81 120 189 218 281 434 545 644
9 12 2 17 18 19 10 9
10 1
58 61 86 117 160 268 290 322 581 941
23 2 7 18 21 19 16 9 8
3 1
552 836 951
3 19
8 2
84 90 94 154 191 347 459 835
18 14 18 22 23 20 18
7 2
199 239 389 419 613 741 851
19 10 16 21 14 19
1 1
810

10 2
43 63 108 128 173 313 440 443 565 756
10 10 12 18 14 13 5 4 9
968 8
8 2
50 90 176 213 296 459 470 630
23 13 13 9 17 18 23
6 2
217 270 426 578 727 781
23 15 8 21 15
3 2
640 705 741
21 21
8 1
139 169 236 249 414 431 531 535
18 4 4 8 17 6 16
6 2
141 245 312 423 643 749
4 13 22 18 10
8 1
76 103 117 141 198 299 537 594
5 8 5 6 7 1 13
3 1
293 482 586
20 18
6 1
61 123 230 264 365 715
22 5 17 1 10
965 8
5 2
119 190 251 453 564
6 30 41 46
4 1
227 368 412 698
45 34 25
1 1
712

6 2
164 186 234 346 376 655
28 45 31 15 44
7 1
90 149 184 287 367 623 956
46 42 10 21 38 8
6 2
83 145 256 432 530 997
37 45 4 22 31
8 1
100 125 205 321 426 446 451 507
36 44 1 9 41 42 39
6 2
101 189 336 413 674 755
7 18 1 11 38
906 8
10 2
64 82 105 106 210 291 324 419 528 874
7 5 4 21 10 21 7 15 5
10 1
15 27 47 69 91 121 232 271 402 583
19 2 6 1 12 2 3 17 10
10 2
104 118 126 177 212 216 251 475 689 888
22 1 20 21 10 17 16 18 12
10 2
72 84 86 135 137 259 329 382 460 798
21 15 5 7 22 10 9 1 1
10 2
30 48 55 66 125 193 366 595 759 879
4 11 13 13 19 20 14 13 19
10 1
146 159 228 256 309 346 371 372 629 729
14 15 2 5 14 7 2 7 18
10 1
86 150 162 167 241 249 321 400 590 973
8 4 18 15 11 8 13 22 15
10 1
22 34 45 49 90 178 350 383 535 762
8 17 7 1 18 13 19 1 8
935 8
10 1
52 102 112 170 189 199 364 628 668 836
9 36 36 38 5 9 30 22 7
10 2
105 110 182 188 203 234 368 514 701 892
8 34 3 23 28 29 30 18 35
10 2
28 52 73 92 99 188 232 389 585 662
29 7 21 28 13 41 45 4 12
10 1
47 90 145 191 272 293 377 522 657 694
32 10 34 28 30 15 11 18 31
10 2
25 45 51 63 74 118 185 312 325 524
12 10 22 45 28 14 19 15 4
10 1
48 65 91 111 192 201 307 590 673 719
5 39 44 34 37 25 20 6 29
10 2
23 33 43 61 110 119 222 383 624 701
36 10 45 7 8 24 10 21 8
10 2
32 48 52 79 94 128 130 222 398 767
34 33 28 42 31 8 27 21 29
996 8
4 1
438 618 686 948
15 78 61
7 2
137 150 182 209 287 555 571
81 91 87 52 85 40
4 2
179 328 631 780
43 36 45
9 1
47 75 83 144 166 186 304 310 553
80 31 68 97 54 18 66 96
4 1
353 439 504 874
13 84 41
10 2
65 76 92 161 229 323 440 548 797 882
77 54 92 92 91 5 77 84 89
9 1
139 196 324 391 402 420 432 484 745
53 95 87 57 20 33 92 54
10 1
123 181 254 318 334 420 478 520 674 784
68 11 36 85 68 47 27 72 66
974 8
4 2
177 316 358 501
2 32 6
6 2
146 288 367 487 735 751
38 33 10 33 31
5 2
428 430 683 811 939
28 13 5 13
4 2
206 338 593 793
42 39 41
4 1
258 379 707 767
38 30 2
10 2
28 41 70 72 130 154 199 299 441 843
38 8 24 8 42 30 10 41 33
9 2
39 63 116 211 354 434 572 666 710
42 16 30 40 5 37 43 6
5 2
220 384 397 506 599
39 23 45 48
901 8
10 2
68 94 172 226 341 407 593 606 752 835
11 21 11 1 19 19 18 18 4
10 2
38 48 55 78 84 165 167 258 476 529
6 7 15 2 22 13 6 17 17
10 1
111 172 182 197 205 281 437 466 567 840
16 21 3 7 7 15 9 8 17
10 2
17 29 31 61 112 158 190 242 272 524
2 21 21 22 5 3 2 6 11
10 1
39 55 101 115 125 215 401 489 537 726
4 6 20 10 19 2 22 1 12
10 1
49 82 114 116 191 326 583 612 932 998
22 12 8 22 3 13 3 17 4
10 1
72 87 100 173 196 258 386 466 500 615
12 15 10 6 13 14 1 9 16
10 2
82 92 180 272 362 433 561 662 902 958
12 22 5 11 15 3 7 12 8
966 8
7 2
103 138 140 216 395 517 573
6 10 12 19 17 15
6 1
103 159 196 260 298 561
18 14 3 2 7
6 1
324 340 415 446 758 871
12 17 1 9 19
5 1
197 285 403 533 615
18 2 6 2
7 2
135 266 361 515 678 880 996
15 4 12 12 6 17
6 1
255 368 386 515 713 970
12 14 1 4 13
1 1
504

8 1
127 203 204 223 286 331 379 500
19 3 6 13 11 19 8
1000 8
10 10
477 478 479 480 481 482 483 484 485 1000
69 82 63 80 67 45 23 87 1000
10 10
762 763 764 765 766 767 768 769 770 1000
29 58 62 63 59 13 51 32 1000
10 10
454 455 456 457 458 459 460 461 462 1000
70 51 32 91 54 63 49 36 1000
10 10
563 564 565 566 567 568 569 570 571 1000
44 77 48 52 45 29 66 25 1000
10 10
827 828 829 830 831 832 833 834 835 1000
11 99 85 84 27 42 98 89 1000
10 10
540 541 542 543 544 545 546 547 548 1000
10 91 31 24 13 81 7 55 1000
10 10
6 7 8 9 10 11 12 13 14 1000
22 56 73 36 99 50 83 2 1000
10 10
534 535 536 537 538 539 540 541 542 1000
63 68 18 9 30 17 93 13 1000
972 8
10 1
52 55 59 99 114 158 209 222 295 530
32 11 25 23 25 1 20 31 29
10 1
24 46 75 82 130 133 214 422 546 651
12 18 23 13 20 20 5 20 4
10 2
33 48 83 148 195 202 218 300 587 887
4 11 9 30 5 1 15 22 13
10 1
37 46 84 88 167 231 314 346 614 815
18 18 13 18 14 11 24 8 29
10 1
35 54 61 99 114 134 220 230 392 756
17 16 23 4 6 2 13 12 23
10 2
41 48 81 143 149 174 291 297 559 939
2 20 6 26 32 2 3 15 22
10 1
33 56 91 165 250 257 503 507 576 622
16 18 14 20 26 7 12 21 21
10 2
66 74 88 98 112 148 265 305 370 668
11 4 4 5 4 19 26 15 1
941 8
4 2
287 419 559 678
14 7 18
8 2
50 95 175 207 357 360 625 744
12 1 23 5 2 13 18
8 1
114 126 151 165 188 371 514 557
15 12 12 22 20 5 12
2 2
752 808
3
6 2
99 126 207 358 540 874
22 15 1 19 6
6 1
149 257 333 607 788 887
15 8 9 8 22
1 1
617

5 1
269 368 422 558 734
17 7 19 23
904 8
2 2
369 738
7
5 2
104 174 303 592 803
3 1 7 7
3 2
512 871 983
10 15
5 1
474 671 677 784 882
18 5 10 18
6 2
71 86 167 332 593 944
11 15 18 17 1
1 1
859

7 1
123 141 143 285 423 454 520
18 7 3 4 16 7
10 1
141 152 156 244 297 404 455 672 679 959
9 12 17 15 6 17 9 4 18
952 8
7 1
137 143 161 211 406 563 683
11 26 8 1 8 6
1 1
952

8 2
46 81 145 223 272 325 369 549
26 19 5 2 16 3 20
10 2
66 104 127 129 216 311 342 453 530 558
10 17 9 29 28 17 7 7 11
9 1
80 102 159 314 339 446 553 699 925
3 26 14 16 26 21 15 5
6 2
268 354 384 634 899 978
12 9 9 17 28
9 1
69 97 136 159 196 248 328 548 752
6 28 16 30 8 6 31 20
6 2
112 141 176 313 527 565
24 5 5 17 13
989 8
10 1
16 18 28 39 71 97 178 334 613 823
35 43 8 23 31 17 34 11 27
9 2
63 65 78 113 193 246 302 449 593
23 6 42 5 45 40 48 22
1 1
861

10 1
70 111 125 169 201 333 336 487 537 582
14 27 10 3 37 36 46 4 34
7 1
180 201 223 447 478 514 914
4 39 45 37 35 44
5 2
132 188 258 369 548
2 2 14 46
7 1
125 151 254 274 490 840 992
9 26 22 21 15 18
3 1
493 585 939
40 44
901 8
10 2
121 200 370 417 528 530 559 576 877 945
9 2 8 17 9 11 1 2 13
10 1
27 51 93 95 122 129 209 313 367 693
16 11 17 8 9 3 2 4 4
10 2
51 68 98 162 213 330 581 588 686 817
5 1 17 15 11 8 9 17 15
10 2
38 47 82 133 162 218 282 315 631 705
8 2 2 17 4 12 18 8 10
10 2
91 97 151 190 287 324 340 556 558 902
9 7 12 3 6 12 15 18 12
10 1
65 101 109 115 121 153 216 271 430 652
8 3 3 3 12 10 3 18 16
10 2
27 49 98 127 135 260 266 336 632 658
15 12 2 9 5 7 16 14 17
10 1
31 59 65 106 134 153 209 344 582 885
4 11 10 15 5 6 5 11 8
988 8
10 2
89 119 123 160 292 391 451 638 714 870
5 17 11 3 7 18 19 3 9
10 1
44 49 62 99 170 308 407 556 668 867
8 19 14 18 6 15 13 14 2
10 1
68 85 87 125 135 163 267 295 476 534
17 4 7 19 16 2 9 9 13
10 2
21 31 36 62 115 127 158 242 446 717
7 5 18 18 12 7 6 16 10
10 1
20 22 37 64 107 158 249 475 836 957
14 2 18 1 10 6 2 10 6
10 1
46 54 63 71 82 130 151 165 283 504
1 17 7 14 5 17 9 19 8
10 1
60 98 114 159 234 349 681 916 924 977
11 7 6 8 2 19 1 5 6
10 2
84 105 135 154 211 331 365 396 447 818
10 6 12 4 17 10 10 13 11
911 8
8 2
90 176 179 243 359 369 667 881
1 19 10 8 1 15 19
7 2
214 239 432 459 473 542 595
20 11 19 21 18 15
6 2
181 188 375 536 648 918
3 21 2 6 18
3 2
317 341 614
1 12
7 2
68 125 134 204 254 444 574
21 6 6 3 4 15
7 1
144 206 264 395 408 496 986
20 20 12 11 16 22
6 2
260 509 525 664 743 899
12 13 9 22 6
8 1
103 124 137 247 392 528 553 574
18 21 3 9 12 12 3
1000 8
9 1
39 72 112 172 175 218 397 465 825
17 2 19 2 7 12 1 14
9 1
23 44 69 70 88 132 263 360 670
5 6 3 19 8 5 15 18
9 2
52 68 94 156 260 363 457 711 752
2 16 13 17 15 6 4 3
2 1
399 596
17
5 1
158 214 222 430 721
1 19 11 17
4 1
249 346 418 835
16 5 15
2 1
590 853
1
3 2
295 433 603
1 1
970 8
10 1
53 57 91 182 249 252 374 500 641 966
38 7 20 21 23 17 33 29 11
2 2
442 626
9
6 2
91 164 327 397 448 531
20 21 41 36 14
7 2
141 190 215 223 364 578 763
45 32 14 44 32 43
3 2
306 360 713
20 33
9 1
33 39 49 66 100 200 220 309 600
47 8 12 35 15 10 45 19
1 1
964

2 2
870 978
17
931 8
4 1
230 304 563 651
22 28 3
9 1
94 184 315 399 415 524 772 886 950
2 23 27 5 18 6 18 15
3 1
664 692 707
31 3
5 2
266 363 426 504 566
24 22 7 20
2 1
554 601
9
9 2
107 166 228 256 266 285 379 725 865
10 9 15 28 28 26 12 3
2 1
812 841
14
8 1
95 110 161 163 168 269 288 545
17 22 11 23 23 11 26
989 8
10 1
34 39 49 60 75 131 194 211 354 647
18 13 12 11 17 1 10 7 4
10 1
109 191 192 255 336 507 596 691 709 975
1 14 21 1 22 9 21 24 6
10 2
41 78 131 166 199 231 325 539 670 774
7 10 1 24 1 11 15 18 15
10 1
38 62 77 99 129 154 240 262 448 656
18 20 13 6 5 1 4 20 17
10 2
58 63 127 131 192 212 339 437 510 620
22 17 11 15 19 21 15 10 11
10 2
65 66 81 91 129 158 176 313 610 722
24 10 7 8 23 15 17 24 8
10 2
78 117 156 170 284 469 632 691 891 893
13 5 16 22 22 16 24 24 6
10 2
161 202 286 324 347 404 482 537 793 936
6 16 24 17 13 24 19 19 11
989 8
3 1
268 416 548
10 75
2 2
868 999
84
1 1
592

10 2
32 64 87 163 248 360 373 421 504 595
85 67 86 85 93 78 92 26 17
10 1
15 22 41 46 64 112 217 329 573 891
4 33 2 18 12 41 89 32 25
7 1
128 172 195 249 252 347 576
61 68 7 78 58 1
2 2
624 705
28
10 1
36 41 66 97 136 151 247 274 402 772
65 20 26 28 76 70 91 80 79
953 8
10 1
28 54 61 85 156 273 374 427 603 672
67 71 91 7 20 39 79 5 35
10 1
6 11 23 28 56 75 148 286 535 885
13 48 28 67 41 77 38 54 46
10 1
118 148 198 206 279 329 335 570 628 781
46 47 68 81 93 10 26 91 59
10 1
127 142 218 224 227 252 324 335 477 533
42 13 92 13 24 2 87 94 1
10 2
15 19 30 51 96 105 171 256 434 524
88 5 33 68 60 92 72 78 68
10 2
45 60 94 133 141 213 245 451 576 770
70 61 51 21 37 43 59 43 44
10 2
58 66 115 176 184 191 205 355 705 854
44 4 85 85 73 49 93 9 66
10 1
23 30 52 66 94 156 241 340 529 763
17 29 86 68 84 33 37 49 22
923 8
3 1
415 435 722
2 12
1 1
830

8 1
97 103 157 227 233 456 751 828
8 7 10 17 17 11 6
9 1
78 138 165 170 191 205 313 600 777
10 12 8 1 9 6 18 12
9 2
78 81 108 124 172 287 289 546 660
18 8 15 9 12 4 16 12
7 1
68 89 177 180 269 332 653
2 13 5 10 7 1
5 1
334 394 688 837 868
8 16 15 5
3 1
230 352 533
18 5
946 8
9 2
81 83 95 130 168 247 354 408 771
2 17 13 1 1 4 5 8
8 2
49 87 92 141 143 267 496 518
7 14 14 17 10 16 2
2 1
439 527
5
6 2
198 278 312 342 415 614
18 8 12 11 10
8 2
117 133 215 237 243 423 560 878
9 17 13 15 16 6 18
4 1
358 393 533 754
3 17 1
7 2
126 146 224 305 536 726 936
15 16 7 5 4 17
7 2
201 231 296 317 462 489 513
4 17 17 6 1 8
920 8
7 1
136 176 335 356 511 524 706
48 65 17 50 74 15
9 2
37 53 95 151 230 358 363 485 774
88 10 75 68 8 38 74 41
10 1
15 31 41 62 98 195 257 413 489 919
85 78 62 24 60 55 18 84 33
3 1
625 691 800
70 41
2 1
500 513
47
4 1
209 318 407 712
3 18 91
10 1
36 52 60 83 112 152 278 494 700 794
52 1 74 64 64 21 41 27 73
1 1
662

990 8
6 2
172 209 401 473 769 963
2 41 41 15 25
8 1
54 74 139 238 251 332 460 919
39 48 2 1 27 10 19
10 2
11 23 39 62 70 119 205 268 479 595
32 25 14 1 20 18 19 3 21
4 1
408 410 591 796
40 49 31
9 1
42 44 73 126 200 368 547 767 841
5 43 26 44 1 6 33 41
8 1
56 73 86 145 184 248 368 655
9 48 21 9 26 21 2
5 2
398 403 414 692 895
23 29 49 41
1 1
638

987 8
1 1
634

1 1
927

3 2
359 442 734
12 14
8 2
162 269 385 388 491 579 647 930
8 13 18 12 19 17 11
6 1
96 126 173 334 648 847
2 11 12 9 7
3 1
414 545 854
12 7
7 1
88 114 200 382 516 568 616
5 5 9 4 11 13
7 2
111 218 354 477 552 663 833
10 19 11 10 13 13
981 8
6 2
170 219 279 404 439 769
6 9 14 8 9
5 2
135 187 251 429 819
30 9 8 29
7 2
180 237 266 268 442 560 605
19 9 4 12 8 29
9 2
111 126 136 215 251 294 308 563 893
2 20 13 25 15 7 27 2
5 2
208 219 425 592 852
31 17 2 30
10 2
208 246 267 349 397 545 589 746 922 948
29 26 19 32 26 11 24 26 30
7 2
183 189 259 295 360 505 756
8 15 5 6 1 12
2 1
806 825
5
907 8
6 2
132 242 483 540 566 858
25 14 13 15 30
7 2
93 119 185 251 391 472 789
19 6 14 24 27 1
9 2
60 110 118 122 152 210 363 477 871
26 21 29 28 29 12 22 9
8 2
163 208 287 479 480 589 666 677
1 24 30 28 1 18 5
4 2
423 546 960 999
9 14 10
9 1
73 85 117 125 193 213 301 550 563
27 12 21 9 20 10 29 19
6 2
177 224 360 369 499 519
9 19 6 8 19
5 1
300 420 531 581 694
30 6 11 17
983 8
6 1
107 129 230 278 460 502
25 19 28 4 29
5 2
383 395 472 525 599
13 28 15 16
7 2
227 233 262 266 510 737 869
7 11 18 1 1 14
8 1
59 100 175 195 216 248 482 959
6 25 24 29 13 31 9
8 2
76 108 143 154 272 432 455 809
14 16 27 8 3 22 5
4 1
790 794 892 904
23 9 12
3 2
547 550 685
5 27
8 2
69 79 91 177 271 517 785 981
22 4 13 8 19 6 5
956 8
3 2
620 688 763
41 75
6 1
172 190 204 348 484 923
91 12 57 42 85
5 1
216 385 482 713 860
4 2 75 28
9 1
90 98 164 247 330 334 424 534 871
90 78 77 70 29 53 58 23
4 1
440 450 483 736
36 60 39
3 1
797 843 923
2 82
10 1
62 71 77 107 201 221 317 419 598 763
41 35 80 67 71 86 37 31 5
8 1
35 64 92 144 289 491 673 814
61 9 19 51 59 20 50
919 8
10 2
76 149 152 172 184 201 258 333 553 556
10 1 21 3 7 2 19 7 5
6 1
236 250 352 410 816 912
17 6 11 18 18
2 2
648 998
1
9 2
77 91 179 219 221 382 497 519 681
19 9 6 3 22 7 14 20
10 2
28 40 52 94 124 163 257 323 437 677
11 21 12 18 22 11 2 15 6
1 1
919

10 1
66 71 140 242 291 362 389 514 618 730
9 22 13 7 21 3 3 16 4
8 1
99 114 129 188 292 341 481 511
20 5 16 16 15 16 18
935 8
10 2
55 80 108 168 205 253 328 343 372 512
21 16 13 2 26 26 10 5 19
10 2
21 35 43 72 112 133 164 203 324 615
18 25 3 22 26 1 12 15 30
10 2
70 75 117 156 233 396 623 724 803 924
7 15 16 17 12 10 13 31 28
10 2
37 50 81 120 202 262 365 463 636 683
27 2 29 29 26 20 9 17 16
10 2
169 209 255 334 338 370 419 431 573 691
3 21 3 26 7 17 25 7 27
10 1
54 97 140 155 166 300 485 529 666 946
22 23 3 19 4 9 12 18 16
10 2
27 30 40 63 123 139 247 477 489 918
18 23 4 1 27 21 18 12 13
10 1
21 34 40 79 107 192 237 436 630 699
8 21 4 28 15 9 24 11 24
983 8
8 2
274 341 354 426 441 486 571 990
1 20 14 49 26 31 5
1 1
854

9 1
29 50 57 86 126 213 408 679 944
10 45 29 10 44 40 14 2
9 1
31 57 90 111 112 149 235 421 722
31 46 14 5 21 39 16 44
7 1
115 121 217 304 409 517 620
38 39 40 48 45 3
1 1
544

8 1
53 63 118 167 183 273 408 549
11 49 11 42 47 44 26
9 2
116 125 206 284 294 340 426 479 786
25 19 18 29 22 43 20 38
947 8
2 1
474 849
4
1 1
863

1 1
676

3 1
519 588 751
15 7
2 2
544 605
13
6 1
120 218 379 642 663 677
13 17 26 30 11
3 2
462 622 812
25 25
9 2
95 146 259 344 367 646 748 874 886
30 15 21 1 10 5 15 28
999 8
4 1
277 301 422 839
12 8 11
3 1
314 354 526
10 8
6 2
298 347 374 711 731 776
8 11 8 19 14
5 2
526 685 714 731 968
14 18 15 2
10 2
35 59 119 129 144 222 379 559 592 610
11 6 11 9 13 13 15 19 9
7 1
39 78 86 125 228 440 707
11 14 9 19 17 1
8 2
66 79 137 254 399 468 747 833
7 13 19 17 14 2 9
6 2
65 116 210 241 409 545
19 18 19 14 9
948 8
2 2
465 549
84
1 1
919

6 1
227 345 430 578 671 844
87 16 45 62 58
10 2
33 41 66 75 85 144 227 405 687 803
31 58 82 92 47 59 82 64 7
8 2
282 307 475 549 596 708 794 958
23 91 84 16 32 44 55
1 1
504

8 1
94 153 228 268 325 449 780 961
80 35 82 58 19 83 4
10 1
56 64 94 150 229 283 413 414 687 784
5 3 49 57 56 70 47 88 57
914 8
5 2
166 326 400 437 520
39 20 71 13
4 2
168 334 597 637
10 21 37
3 2
346 447 617
43 19
1 1
915

10 2
30 54 109 194 226 265 491 546 738 937
33 58 22 21 3 28 42 13 69
4 2
163 315 537 706
61 21 31
2 2
768 870
90
2 1
544 981
71
998 8
5 2
203 354 406 436 760
21 13 24 8
5 1
227 239 405 517 670
16 16 4 1
10 1
34 47 51 78 106 120 164 315 372 508
7 11 23 23 9 17 17 19 16
9 1
28 41 65 129 131 251 361 573 908
13 12 19 15 10 18 1 17
10 1
26 38 47 89 150 170 266 428 682 861
10 10 9 18 22 10 23 9 22
8 2
88 118 213 221 402 458 744 772
10 7 4 23 23 13 22
9 2
95 106 144 212 259 311 529 798 855
7 10 4 11 21 23 18 10
7 2
192 310 318 569 676 713 879
23 10 14 12 12 12
973 8
6 2
113 133 186 261 392 669
1 11 13 19 1
10 1
27 55 74 129 134 166 196 295 406 575
20 15 1 6 20 11 5 6 8
1 1
776

10 1
21 25 38 45 91 183 212 299 484 754
5 15 16 9 15 16 21 20 10
10 1
38 62 109 174 221 346 404 502 664 731
13 7 23 19 15 13 15 14 2
3 2
374 491 848
9 21
3 1
365 668 909
2 1
9 2
36 43 79 124 147 213 240 465 519
1 14 14 13 12 17 15 2
938 8
8 2
49 78 124 146 221 297 517 838
39 16 5 75 60 27 15
9 2
46 62 112 134 169 339 447 646 956
76 6 46 30 64 29 13 10
7 1
210 234 346 570 777 898 976
47 34 34 61 86 4
6 1
173 226 348 459 517 690
89 32 46 14 64
2 2
729 878
35
7 2
158 223 286 476 546 592 768
91 56 60 46 11 54
3 2
342 626 724
48 3
7 1
83 136 192 297 342 543 877
15 88 18 17 76 3
20 8
3 1
1 10 100
1 2
3 1
1 10 100
1 3
3 1
1 10 100
1 4
3 1
1 10 100
1 5
3 1
1 10 100
1 6
3 1
1 10 100
1 7
3 1
1 10 100
1 8
3 1
1 10 100
1 9
902 8
1 1
562

1 1
630

7 1
138 143 226 293 356 597 745
6 21 3 8 4 12
9 1
137 142 173 234 371 454 532 850 854
22 3 8 17 4 8 16 4
10 1
74 91 170 215 238 340 392 587 785 962
3 7 2 21 6 9 1 18 3
4 2
252 369 689 839
21 2 2
10 1
35 49 75 90 102 204 228 253 300 551
4 6 1 16 16 20 12 20 14
6 1
263 276 367 400 720 771
17 19 6 17 12
905 8
10 2
62 85 112 204 224 413 458 598 695 968
28 5 28 17 40 16 37 2 6
10 1
71 77 138 156 239 287 393 686 866 951
36 45 13 41 14 24 28 22 24
10 2
98 105 141 279 405 421 521 582 644 859
1 29 27 11 45 8 19 3 21
10 2
22 24 47 56 89 101 155 257 338 588
26 37 23 33 13 32 23 12 6
10 1
63 79 100 102 121 183 274 319 418 520
45 3 11 4 10 26 8 13 37
10 2
15 25 49 79 116 126 230 336 364 605
26 23 45 13 26 24 13 5 38
10 2
32 41 58 68 118 162 215 414 797 986
35 6 19 40 31 20 23 28 45
10 2
60 79 101 133 167 286 349 387 466 686
18 12 6 14 38 7 37 38 37
985 8
10 1
41 65 75 80 112 214 271 344 442 558
91 42 11 37 75 49 4 48 20
6 2
174 196 210 298 483 524
48 5 83 36 28
10 1
40 54 89 122 146 233 406 468 532 607
1 37 62 2 78 72 38 69 4
9 2
66 75 93 145 242 262 296 555 963
36 27 86 5 59 39 27 47
5 1
196 338 401 443 828
91 55 34 12
6 2
365 551 690 694 750 930
31 70 60 67 52
8 2
83 84 134 154 197 356 471 558
81 16 65 6 27 86 51
9 2
63 117 201 261 302 383 482 583 768
97 30 8 91 10 14 90 2
916 8
2 2
552 957
30
4 1
345 575 686 837
22 15 12
2 2
396 716
29
3 2
540 606 920
22 12
2 2
573 904
19
8 2
35 61 66 96 155 280 365 559
7 23 23 20 25 27 29
7 1
98 141 197 384 440 810 947
28 1 4 28 19 1
1 1
586

919 8
5 1
199 319 346 573 660
19 7 7 21
1 1
914

1 1
833

8 1
65 128 189 313 371 546 612 923
28 8 14 29 19 21 24
5 1
180 193 289 569 959
12 10 15 21
10 1
28 36 73 79 159 223 252 328 570 713
9 30 8 11 12 17 22 7 11
8 2
39 66 84 141 221 288 544 823
4 6 11 19 18 21 24
6 2
190 209 270 299 503 800
9 13 17 17 2
968 8
10 1
90 103 156 172 205 337 441 478 485 698
11 7 44 40 40 4 15 32 1
10 1
67 79 125 211 226 313 490 537 686 977
13 45 17 11 27 35 26 35 26
10 1
69 86 97 129 188 370 389 403 410 624
40 43 1 15 40 6 7 19 40
10 1
37 74 80 88 160 229 264 316 496 625
20 22 1 18 34 11 35 14 15
10 1
71 95 132 138 248 250 314 585 848 889
12 41 26 25 24 3 24 39 33
10 2
102 123 135 182 233 251 365 579 607 885
41 27 16 45 36 19 7 17 6
10 2
82 96 137 158 171 218 247 283 395 628
23 23 12 38 37 46 18 39 47
10 1
17 23 41 82 110 198 282 419 764 981
2 33 44 24 9 45 45 45 15
923 8
10 2
65 87 93 157 187 282 335 433 533 973
43 60 91 38 41 3 81 4 36
10 1
112 147 245 328 331 475 539 595 856 875
27 88 40 22 82 63 78 50 2
10 2
20 33 40 71 112 146 158 289 447 585
24 15 25 47 66 68 67 76 20
10 1
23 27 46 88 145 154 235 307 420 504
75 29 58 83 22 49 4 4 69
10 2
43 60 98 106 164 245 390 510 594 826
20 30 22 47 5 37 53 86 52
10 1
34 42 68 90 99 139 248 250 362 548
92 65 32 70 66 90 64 66 28
10 1
67 127 136 147 271 299 460 513 529 912
33 19 71 12 76 90 57 65 77
10 1
33 34 37 52 71 128 231 238 460 866
44 31 56 36 65 63 9 38 82
42 8
2 1
7 8
10
2 1
5 7
6
2 1
5 7
6
2 1
5 7
6
2 1
5 7
6
2 1
5 7
6
2 1
5 7
6
2 1
5 7
6
1000 8
10 1
59 61 90 104 179 236 321 401 639 793
16 2 21 5 8 1 27 31 17
10 2
188 300 364 369 391 397 642 646 655 909
20 30 27 30 18 33 6 4 15
10 1
58 63 92 136 145 219 410 677 709 935
30 5 30 23 22 23 16 10 1
10 2
26 53 56 84 141 199 384 545 701 961
30 14 1 29 20 1 25 3 3
10 1
31 46 92 129 188 254 445 572 734 895
20 32 2 6 9 15 13 6 9
10 2
10 20 34 39 75 132 185 221 354 591
8 9 23 15 32 14 26 15 13
10 2
47 86 104 164 205 303 431 539 662 673
29 24 29 16 27 30 22 29 15
10 2
83 88 142 260 289 294 324 429 539 660
18 27 19 32 26 16 21 26 33
963 8
5 1
669 690 769 798 818
13 14 11 1
7 1
71 132 186 211 304 535 769
19 3 16 8 12 7
8 2
68 100 143 159 176 269 490 899
8 14 10 19 14 19 13
5 2
154 184 206 338 510
6 6 15 9
8 2
112 134 142 250 479 490 804 823
19 17 16 19 15 8 19
1 1
839

7 2
139 172 293 298 577 677 701
2 1 5 6 18 14
1 1
695

906 8
5 1
153 200 317 462 640
71 14 56 88
8 2
54 95 103 142 182 263 469 813
85 90 31 77 57 70 22
5 1
525 661 726 728 865
1 56 21 71
10 1
24 35 36 68 126 129 223 231 459 781
60 45 11 61 31 60 14 72 75
4 2
374 398 517 848
72 19 81
10 2
50 89 175 217 220 375 497 774 866 949
21 31 6 71 6 36 22 66 47
1 1
753

9 1
64 73 123 163 294 488 568 586 642
59 45 19 11 57 28 6 52
935 8
4 2
129 234 395 612
1 15 6
2 2
407 797
5
5 2
122 175 336 563 837
12 15 10 7
9 2
82 89 125 150 246 306 385 702 741
8 5 16 15 2 1 11 10
2 2
639 935
13
3 1
323 504 954
15 11
7 2
150 205 258 325 341 551 644
18 13 13 10 1 5
9 1
32 52 83 110 146 205 299 562 991
9 1 8 7 10 4 18 1
989 8
5 1
228 326 383 564 632
7 19 23 12
8 2
25 29 57 98 129 173 303 581
3 12 11 3 17 23 4
5 1
218 353 654 756 816
15 18 13 16
6 1
55 92 184 354 423 606
17 17 3 19 18
3 2
756 940 998
6 10
2 2
643 685
12
7 2
156 193 238 328 457 545 799
18 19 10 18 1 6
5 2
158 182 334 522 725
12 7 14 11
989 8
8 2
218 287 339 434 531 680 810 997
68 82 92 67 91 57 12
5 2
227 345 439 506 834
29 33 4 71
3 2
475 505 641
75 93
4 1
251 341 372 575
63 36 64
3 1
506 518 744
41 8
5 2
161 202 379 557 808
7 35 95 9
10 2
40 48 55 73 112 179 247 284 519 616
43 77 90 48 15 82 90 28 22
7 2
104 162 210 370 524 567 964
66 88 1 14 54 42
942 8
5 2
411 534 651 663 736
37 33 19 50
8 1
91 125 192 245 279 521 538 673
88 33 15 84 24 30 34
3 1
708 761 852
7 88
9 2
24 30 54 62 115 160 293 478 527
35 39 16 47 88 39 27 14
4 2
186 359 468 651
40 58 67
5 2
242 483 571 614 954
15 28 24 91
9 2
93 107 211 246 250 372 434 576 617
68 45 81 46 10 23 71 46
2 2
675 798
46
963 8
10 2
22 42 61 108 124 164 218 381 491 758
16 74 95 40 44 59 16 93 74
4 2
449 576 739 883
84 36 56
8 2
53 59 112 127 178 348 526 664
57 85 2 91 89 63 18
1 1
813

8 1
62 75 78 110 148 239 399 626
8 46 28 62 61 17 12
9 1
104 144 168 184 349 390 491 533 574
49 16 19 71 81 62 2 16
10 2
82 90 139 187 336 346 416 461 479 811
61 80 64 78 37 23 84 75 93
2 1
266 532
36
977 8
7 2
173 299 364 433 616 831 935
21 8 5 3 7 8
7 1
220 223 370 528 655 858 900
7 15 23 19 20 9
6 1
157 178 266 445 687 783
1 5 2 22 5
8 2
111 177 211 313 393 462 722 774
6 11 15 2 17 24 15
3 2
359 482 799
10 13
7 2
282 396 518 651 733 926 981
22 19 2 23 6 3
3 2
883 915 933
17 17
2 1
780 998
14
906 8
10 2
67 69 85 117 197 335 392 418 714 861
6 82 6 50 45 16 72 74 47
10 1
28 30 39 73 122 229 276 402 469 600
51 40 69 74 65 15 34 17 44
10 2
95 173 286 337 358 380 390 501 559 850
35 28 43 17 79 63 59 79 2
10 2
25 31 40 62 110 125 139 249 305 595
55 7 84 50 14 50 28 25 50
10 2
33 55 107 177 192 265 273 348 476 699
49 90 29 68 64 20 15 77 11
10 2
52 57 97 104 179 290 486 594 685 875
28 85 19 48 59 81 56 10 30
10 1
42 83 91 125 170 222 299 499 599 664
66 82 6 12 27 54 65 33 29
10 1
65 73 96 158 216 263 334 558 563 586
81 28 17 53 24 62 69 3 6
905 8
1 1
976

4 2
255 383 628 795
20 8 17
4 1
265 268 277 516
11 22 7
5 1
214 320 382 630 750
15 1 9 2
1 1
809

3 2
660 757 817
10 11
2 2
867 878
16
10 1
180 206 234 255 331 496 535 537 560 784
22 3 7 8 4 1 7 15 17
937 8
10 2
88 93 126 153 183 260 286 479 730 945
13 8 14 2 22 17 7 31 29
10 2
47 74 144 227 261 274 356 435 457 549
23 22 29 11 8 28 29 9 23
10 2
12 21 24 43 63 120 160 244 476 825
25 7 2 7 21 29 18 30 1
10 1
81 89 98 157 173 200 234 447 520 644
5 27 12 9 10 12 27 31 22
10 2
71 99 144 184 295 311 339 411 510 535
2 20 7 30 25 14 27 28 10
10 2
40 76 122 174 273 297 383 550 669 682
29 21 3 18 23 1 1 10 4
10 2
40 55 76 81 152 222 420 559 670 877
22 23 3 20 20 27 12 7 1
10 1
70 77 111 137 159 189 194 226 341 558
2 14 18 10 27 14 16 30 21
971 8
9 2
147 186 196 214 347 461 847 915 945
17 8 8 26 15 14 28 10
9 1
26 37 74 102 111 136 195 376 662
10 18 23 16 29 9 10 5
9 2
89 121 162 193 212 321 360 556 701
18 19 11 6 13 13 23 20
9 2
56 65 69 124 221 288 489 567 989
18 15 26 14 5 26 26 28
10 1
44 63 74 125 214 267 291 371 452 657
2 11 23 18 7 10 30 11 30
9 2
69 86 106 133 165 206 394 406 502
13 16 24 31 20 7 6 31
8 1
30 42 54 94 162 209 325 517
17 9 23 5 21 15 22
3 2
244 473 557
22 31
953 8
5 2
230 241 471 578 851
22 34 20 16
7 2
248 251 280 377 436 601 681
14 4 19 18 32 33
3 1
442 854 868
33 11
9 1
103 132 163 258 288 337 377 419 645
18 9 39 12 47 31 32 20
10 2
51 88 108 179 192 218 408 597 799 872
12 8 17 30 3 16 11 26 36
9 1
59 80 135 207 255 259 345 409 794
7 41 23 45 42 39 3 42
6 2
205 359 464 487 552 744
44 15 38 25 6
8 2
116 119 121 128 227 293 565 816
37 4 27 19 43 46 32
990 8
8 1
119 174 177 282 373 375 443 864
4 2 12 18 14 15 2
4 1
200 332 624 814
4 4 17
5 1
178 189 322 426 849
1 4 18 5
9 1
156 166 204 235 246 449 520 544 769
5 8 13 12 4 18 6 8
2 1
654 765
13
2 2
348 566
1
5 1
333 565 581 734 952
11 15 18 15
5 1
352 519 689 807 951
19 12 8 1
971 8
10 1
78 82 145 158 193 285 416 419 721 947
21 47 7 4 38 25 37 39 38
10 1
161 216 366 417 515 522 525 678 867 991
18 39 14 22 7 43 19 5 34
2 1
371 710
14
5 1
120 123 220 415 621
8 17 13 1
5 2
128 150 222 441 658
27 13 47 34
8 2
112 144 180 256 431 550 602 769
34 1 8 30 16 29 37
10 1
40 42 52 100 153 202 270 392 569 671
23 18 38 31 42 17 43 42 31
7 1
111 155 280 346 394 462 517
24 7 37 13 47 44
946 8
10 2
33 37 60 62 101 177 347 350 533 668
13 15 14 16 16 8 3 4 18
10 2
54 77 103 179 358 397 570 822 904 919
8 9 3 17 2 5 2 10 16
10 2
45 52 72 84 111 175 318 592 686 970
4 7 8 12 6 7 17 18 16
10 1
50 84 90 150 209 229 392 508 583 772
12 10 1 8 5 8 15 12 1
10 1
60 107 144 173 249 250 294 416 507 987
15 16 8 8 9 2 18 13 10
10 1
12 24 38 70 121 225 343 463 617 661
16 2 10 13 14 13 16 2 3
10 2
24 30 50 89 90 119 236 409 496 962
9 11 15 3 3 18 11 9 12
10 2
111 151 167 207 356 382 436 500 623 677
5 16 10 3 3 5 12 15 16
928 8
10 2
32 52 89 105 173 184 318 430 494 825
18 4 11 2 17 9 15 21 7
10 2
11 21 40 43 67 95 163 285 442 622
6 18 11 17 15 10 6 5 12
10 2
49 91 98 129 140 196 268 296 322 583
7 21 17 21 15 21 2 17 16
10 1
20 22 45 87 119 190 194 270 480 633
21 16 8 18 14 17 20 11 19
10 1
11 20 37 43 67 112 118 235 419 516
8 11 8 15 2 1 14 18 23
10 2
35 41 63 99 169 211 323 361 373 500
4 20 10 7 10 2 23 13 10
10 1
24 49 55 75 81 134 256 354 666 696
10 3 9 14 2 9 8 16 7
10 2
104 109 153 241 339 371 611 757 801 890
17 14 16 16 1 23 9 21 9
990 8
4 1
277 330 419 518
17 18 49
5 1
96 104 206 396 562
18 27 34 38
3 1
289 526 958
41 31
4 1
192 303 474 537
48 22 10
3 2
381 644 950
22 39
2 2
315 528
43
6 2
279 303 370 602 895 979
15 25 33 27 7
7 2
15 29 59 113 172 338 507
36 16 48 37 36 26
943 8
1 1
541

4 1
342 415 692 833
24 14 9
5 2
185 298 430 554 898
18 6 16 11
9 1
34 41 67 86 110 149 211 401 774
28 4 12 12 7 16 8 6
2 2
552 581
21
8 1
47 54 67 133 228 385 407 697
11 12 15 22 16 13 4
8 1
77 105 198 223 351 672 814 909
19 5 8 13 22 15 23
7 2
80 136 268 534 656 684 803
19 4 1 30 13 5
972 8
7 2
99 186 195 351 472 489 873
9 1 1 17 16 6
10 2
17 19 27 48 81 97 173 210 376 567
11 16 9 11 4 19 1 3 2
4 2
378 386 554 581
13 8 13
6 1
72 110 155 302 436 691
14 10 6 17 17
1 1
597

3 2
336 388 745
4 1
2 1
695 887
10
2 2
706 810
15
906 8
2 2
386 579
20
5 1
171 304 603 815 841
16 21 11 16
5 2
262 483 517 585 621
7 1 23 25
1 1
632

1 1
567

10 1
57 78 125 168 206 310 461 543 553 890
27 24 9 12 20 6 8 13 22
10 2
33 37 71 128 172 322 436 482 639 782
8 21 8 22 28 15 7 23 21
2 2
574 628
8
941 8
1 1
663

10 2
70 100 109 118 133 172 225 322 551 831
63 75 53 35 59 66 52 82 91
8 2
123 159 250 254 288 292 542 568
21 7 10 27 16 91 15
9 1
40 68 90 124 136 204 373 552 912
65 82 2 13 34 45 32 56
9 2
91 149 250 311 316 359 708 859 885
70 40 72 67 12 18 46 10
10 2
84 107 129 171 206 302 337 625 884 941
50 19 48 24 78 20 56 60 35
9 2
90 101 111 119 158 258 322 512 855
78 86 9 94 6 25 28 92
10 2
71 88 110 122 183 247 348 556 676 686
86 39 40 8 57 31 87 18 40
943 8
3 2
318 390 669
11 6
1 1
696

7 2
95 157 311 417 433 667 959
8 3 4 7 10 5
3 2
352 486 817
6 2
4 1
206 381 536 722
4 2 3
2 2
607 715
17
10 2
63 72 92 98 107 125 248 473 884 999
9 5 14 5 6 13 3 9 5
4 2
312 383 415 757
16 15 5
995 8
6 2
81 105 174 313 351 598
2 21 20 16 10
3 2
364 540 577
24 22
6 1
148 186 230 325 454 504
6 15 16 19 24
10 1
111 124 171 194 265 353 435 540 556 696
6 20 24 14 16 11 22 19 13
10 1
82 100 123 170 221 255 383 646 661 825
7 2 14 24 9 21 20 17 14
8 1
101 105 168 186 293 478 561 838
20 11 5 10 13 1 13
9 1
35 53 74 102 176 238 271 323 596
6 1 22 10 10 7 14 2
5 2
613 653 654 772 981
1 16 20 7
919 8
7 1
87 106 170 251 357 488 876
16 28 23 27 21 18
10 1
64 80 96 107 156 277 324 349 375 731
6 24 39 29 17 20 42 4 44
5 2
179 284 308 576 646
2 29 33 21
1 1
764

1 1
929

7 2
86 126 184 334 568 827 910
27 17 20 36 5 14
4 2
409 677 913 946
35 23 24
3 1
728 739 996
19 11
923 8
8 2
49 50 66 100 165 239 454 604
14 8 10 4 11 1 1
2 1
617 620
3
1 1
811

2 2
873 971
4
9 1
58 66 130 146 262 284 450 747 987
17 16 2 9 12 8 8 13
3 1
516 863 884
12 3
9 2
48 60 63 64 101 154 238 449 503
14 8 3 2 10 6 6 15
7 2
78 94 115 132 247 477 541
17 8 2 11 12 6
951 8
2 1
729 909
38
7 1
175 224 234 363 371 548 609
47 9 43 35 10 3
6 1
59 77 114 162 304 549
47 4 28 27 42
3 1
298 493 550
35 30
9 2
26 36 61 118 175 227 348 506 730
13 16 5 15 26 43 43 15
5 2
304 366 493 690 943
15 6 14 2
7 1
95 107 128 163 237 300 575
39 29 43 1 23 47
6 1
115 231 375 435 450 790
44 42 19 11 13
954 8
1 1
805

7 1
90 112 149 225 380 586 707
68 4 83 50 5 57
3 1
313 500 600
3 14
10 2
26 52 74 80 92 114 208 283 394 643
4 19 59 86 53 33 69 88 28
5 2
280 284 519 533 817
7 60 36 40
10 2
42 51 69 121 125 239 355 364 569 762
15 28 26 6 70 36 57 59 22
3 2
465 586 736
18 20
2 2
365 718
66
906 8
4 1
298 336 571 731
23 1 11
1 1
697

5 1
231 283 325 364 714
25 9 2 7
3 2
199 399 609
6 2
8 1
151 175 226 245 312 412 715 766
20 23 6 4 17 30 17
7 2
155 203 347 422 431 436 873
18 13 5 11 9 15
1 1
794

10 2
10 21 29 32 63 81 152 288 353 696
7 12 8 26 23 25 18 25 5
926 8
10 2
138 163 167 251 252 264 415 495 613 914
6 1 2 16 7 11 9 3 16
10 2
28 36 59 84 133 216 223 330 542 809
1 15 14 13 1 18 14 14 5
10 1
49 53 55 63 77 147 201 365 713 752
4 8 1 9 18 12 4 18 17
10 2
73 93 94 129 213 360 442 598 718 720
17 1 17 7 5 10 15 18 3
10 2
111 115 170 174 261 304 393 410 592 693
16 16 7 18 7 17 12 15 14
10 1
52 60 73 131 226 251 283 558 681 865
17 6 12 9 8 12 1 6 5
10 1
58 61 100 163 178 335 371 441 544 612
18 14 4 1 9 15 6 17 4
10 1
33 36 49 93 158 170 176 273 539 984
3 16 8 5 5 1 15 16 2
928 8
3 2
348 436 761
52 33
4 1
606 705 782 973
51 15 89
7 2
149 279 384 463 548 885 985
65 75 82 46 85 27
8 1
49 72 118 215 224 267 515 626
61 35 82 14 67 72 59
1 1
933

1 1
554

2 1
541 811
44
5 1
97 183 343 608 676
56 35 87 1
970 8
3 1
317 513 690
1 31
1 1
936

9 1
114 130 166 199 303 340 508 942 985
24 20 30 27 15 23 18 13
4 2
214 396 544 728
16 26 11
9 1
51 54 69 129 184 227 243 431 534
5 8 7 28 24 9 20 18
4 1
368 641 848 870
27 24 16
9 1
31 56 85 150 185 335 367 401 506
19 17 17 20 19 26 5 15
3 1
231 454 715
7 27
