100
2 3 2
1 1 1
2 1 1
2 1 2
3 2 3
30 5 4
4 2 1
64 1 21
3 37 1
54 1 54
43 8 40
1 27 1
23 9 15
1 100 1
80 8 10
4 1 4
23 9 3
3 1 3
14 1 14
100 9 11
100 3 33
10 5 2
90 2 14
1 8 1
96 7 21
14 15 1
88 8 40
1 3 1
4 3 2
1 95 1
51 6 10
9 11 7
100 4 24
1 29 1
93 3 27
31 2 13
3 2 1
58 8 37
1 69 1
4 2 2
19 1 10
2 2 1
10 5 1
4 4 1
60 6 48
22 12 11
14 7 2
1 92 1
72 8 55
80 8 9
3 32 2
1 36 1
1 4 1
3 2 2
3 1 2
100 2 50
31 7 31
2 3 1
14 7 1
4 29 1
100 3 34
2 59 1
100 1 100
2 4 1
6 8 4
1 2 1
87 6 26
100 9 12
3 4 1
4 1 3
1 76 1
3 3 1
72 1 58
93 2 77
54 10 6
37 9 9
24 6 16
54 10 5
14 1 13
1 9 1
10 18 1
6 23 4
69 9 13
2 22 1
100 1 1
85 7 55
1 42 1
50 1 35
68 3 20
73 2 11
23 13 12
100 2 49
54 1 53
26 8 6
14 13 8
100 4 25
80 6 11
89 7 44
4 3 1
100 1 99
