100
2 3 2
1 1 1
2 1 2
3 2 3
1 92 1
100 1 100
3 5 3
3 1 3
89 4 89
79 6 79
11 1 11
16 7 16
4 8 4
2 4 2
100 6 100
72 7 72
6 11 6
29 6 29
43 4 43
9 13 9
98 1 98
56 9 56
3 37 3
25 1 25
91 4 91
14 3 14
1 2 1
4 2 4
3 3 3
97 3 97
91 1 91
79 5 79
9 16 9
10 18 10
93 1 93
77 4 77
4 1 4
55 1 55
77 5 77
1 44 1
41 1 41
27 2 27
35 1 35
29 12 29
1 38 1
68 8 68
33 3 33
1 4 1
39 11 39
73 2 73
40 11 40
2 2 2
6 12 6
12 8 12
5 24 5
100 2 100
34 2 34
1 99 1
100 3 100
1 3 1
4 24 4
17 14 17
4 29 4
11 9 11
52 4 52
100 9 100
2 54 2
83 1 83
2 59 2
71 3 71
1 9 1
1 63 1
6 17 6
14 7 14
1 29 1
4 5 4
67 7 67
83 9 83
10 5 10
22 3 22
2 26 2
4 27 4
3 4 3
53 2 53
80 8 80
1 75 1
100 4 100
27 11 27
95 5 95
13 8 13
49 10 49
4 4 4
1 100 1
4 3 4
13 5 13
29 1 29
42 3 42
8 14 8
56 2 56
19 9 19
