75
1 1 1 0
1 2 0 0
2 1 1 2
2 2 0 2
7 42 43 43
12 1365 1366 1365
7 7 81 40
9 146 92 274
3 8 0 0
3 3 3 2
8 85 86 85
4 6 6 4
12 1366 1365 1365
9 171 171 170
7 27 60 41
6 0 64 0
8 65 95 96
2 2 1 1
3 2 0 6
4 11 2 3
4 5 6 5
3 4 2 2
6 21 22 21
7 21 57 50
4 4 4 8
5 11 11 10
11 683 683 682
4 6 5 5
7 14 12 102
4 5 5 6
9 212 41 259
10 342 341 341
10 634 305 85
2 1 3 0
11 331 1353 364
7 0 57 71
6 49 6 9
7 0 3 125
2 0 4 0
3 2 4 2
3 2 2 4
6 21 21 22
5 10 11 11
2 0 0 4
12 1939 2048 109
11 683 682 683
8 72 173 11
12 1365 1365 1366
3 3 2 3
12 0 4096 0
12 2957 1048 91
5 11 10 11
11 889 746 413
1 1 0 1
7 89 4 35
5 23 8 1
3 2 5 1
1 0 0 2
10 341 341 342
9 170 171 171
8 85 85 86
8 86 85 85
2 1 2 1
7 43 42 43
10 341 342 341
5 15 9 8
12 1364 1368 1364
1 0 1 1
12 1366 1366 1364
11 682 683 683
6 22 21 21
7 43 43 42
7 18 106 4
3 2 3 3
9 171 170 171
