100
2 2
0.50 0.50
4 2
0.00 0.00 1.00 1.00
3 2
0.50 0.75 1.00
16 6
0.42 0.61 0.33 0.75 0.41 0.58 0.52 0.68 0.67 0.69 0.47 0.62 0.34 0.59 0.50 0.58
16 14
0.01 0.70 0.68 0.66 0.01 0.68 0.69 0.69 0.00 0.64 0.65 0.65 0.62 0.66 0.07 0.66
16 8
0.02 0.01 0.78 0.01 0.54 0.90 0.02 0.77 0.00 0.01 0.98 0.92 0.01 0.78 0.02 0.95
16 4
0.63 0.68 0.67 0.69 0.65 0.10 0.63 0.68 0.10 0.62 0.69 0.05 0.07 0.67 0.60 0.69
16 6
0.61 0.38 0.38 0.37 0.49 0.57 0.41 0.60 0.50 0.58 0.62 0.40 0.34 0.45 0.35 0.33
16 8
0.98 0.98 0.99 0.12 0.21 0.10 1.00 0.10 0.98 0.46 0.09 0.99 0.98 0.50 0.98 0.09
8 2
1.00 1.00 0.00 1.00 0.00 1.00 1.00 1.00
4 2
0.01 0.98 0.01 0.99
16 4
0.68 0.64 0.01 0.10 0.08 0.10 0.09 0.08 0.62 0.65 0.07 0.10 0.02 0.05 0.08 0.04
2 2
1.00 1.00
8 6
1.00 0.00 1.00 0.00 1.00 1.00 0.00 0.00
16 8
0.51 0.99 0.82 1.00 0.83 0.98 0.98 0.98 0.90 0.98 0.99 0.57 0.86 0.99 0.79 0.50
12 2
0.89 0.06 0.02 0.86 0.68 0.57 0.05 0.79 0.63 0.72 0.09 0.22
16 8
0.02 0.78 0.43 0.00 0.03 0.10 0.01 0.93 0.02 0.06 0.15 0.81 0.07 0.15 0.05 0.60
4 2
0.00 0.00 0.00 0.00
16 14
0.57 0.53 0.61 0.51 0.44 0.65 0.38 0.46 0.61 0.56 0.41 0.32 0.45 0.56 0.52 0.48
16 14
0.60 0.05 0.39 0.87 0.54 0.54 0.00 0.72 0.97 0.61 0.61 0.48 0.98 0.01 0.31 0.62
16 8
0.02 0.00 0.62 0.78 0.76 0.01 0.02 0.72 0.91 0.01 0.80 0.69 0.00 0.01 0.00 0.58
3 2
0.50 0.50 0.50
16 2
0.01 0.02 0.00 0.01 0.01 0.01 0.01 0.02 0.00 0.02 0.01 0.02 0.00 0.02 0.00 0.00
16 12
0.10 0.10 0.61 0.09 0.01 0.10 0.01 0.60 0.04 0.07 0.10 0.07 0.04 0.70 0.61 0.05
16 10
0.87 0.59 0.44 0.59 0.33 0.61 0.40 0.74 0.81 0.46 0.51 0.89 0.57 0.63 0.34 0.61
8 6
1.00 1.00 1.00 1.00 1.00 1.00 1.00 1.00
8 2
0.00 1.00 1.00 0.00 0.00 0.00 1.00 1.00
16 10
0.75 0.63 0.48 0.46 0.62 0.45 0.55 0.60 0.83 0.78 0.84 0.46 0.59 0.49 0.60 0.42
2 2
0.00 0.50
16 10
0.00 0.01 0.00 0.01 0.00 0.01 0.00 0.01 0.01 0.02 0.01 0.02 0.00 0.02 0.01 0.01
4 2
0.00 0.00 1.00 0.00
16 6
0.58 0.34 0.68 0.59 0.50 0.33 0.62 0.58 0.41 0.75 0.52 0.68 0.61 0.67 0.47 0.42
8 4
1.00 1.00 1.00 1.00 1.00 1.00 1.00 1.00
16 8
0.38 0.42 0.02 0.02 0.01 0.01 0.37 0.01 0.38 0.02 0.29 0.00 0.09 0.00 0.00 0.15
16 8
0.01 0.26 0.38 0.00 0.50 0.00 0.02 0.00 0.02 0.33 0.45 0.00 0.06 0.02 0.17 0.00
16 10
0.37 0.43 0.37 0.40 0.41 0.44 0.58 0.43 0.67 0.52 0.69 0.67 0.66 0.31 0.36 0.40
16 10
0.64 0.68 0.65 0.66 0.05 0.06 0.66 0.69 0.61 0.66 0.67 0.64 0.67 0.62 0.07 0.00
4 4
0.50 0.50 0.50 0.50
4 4
0.00 1.00 0.00 1.00
16 10
0.52 0.61 0.38 0.68 0.65 0.38 0.65 0.34 0.69 0.43 0.71 0.68 0.42 0.47 0.66 0.63
8 4
1.00 0.00 0.00 1.00 0.00 1.00 0.00 1.00
3 2
0.50 0.60 0.40
16 8
0.98 0.93 0.03 0.95 0.01 0.04 0.10 0.96 0.02 0.02 0.03 0.10 1.00 0.97 0.96 0.92
3 2
0.80 0.50 0.10
16 8
0.91 0.10 0.01 0.96 0.08 0.02 0.02 0.94 0.07 0.91 0.08 0.97 0.90 1.00 0.93 0.03
16 2
0.51 0.50 0.51 0.49 0.51 0.51 0.51 0.49 0.51 0.51 0.51 0.49 0.49 0.51 0.49 0.51
4 2
0.00 0.02 0.00 1.00
4 4
0.01 0.98 0.01 0.99
16 2
0.02 0.07 0.10 0.00 0.10 0.07 0.10 0.70 0.65 0.05 0.61 0.05 0.05 0.06 0.70 0.01
16 6
0.46 0.56 0.61 0.97 0.47 0.06 0.51 0.54 0.27 0.02 0.45 0.19 0.92 0.23 0.23 0.83
16 6
0.46 0.63 0.36 0.56 0.60 0.59 0.52 0.69 0.36 0.63 0.39 0.64 0.59 0.46 0.36 0.68
16 14
1.00 1.00 0.98 1.00 0.99 0.99 0.99 1.00 0.98 0.99 1.00 0.98 1.00 0.98 0.99 0.98
3 2
0.80 0.30 0.50
8 6
1.00 1.00 1.00 0.00 1.00 1.00 1.00 1.00
16 14
0.51 0.49 0.50 0.50 0.51 0.51 0.50 0.50 0.51 0.50 0.50 0.49 0.49 0.49 0.50 0.50
16 6
0.03 0.00 0.67 0.08 0.02 0.64 0.05 0.04 0.09 0.63 0.05 0.02 0.08 0.02 0.61 0.09
8 2
1.00 1.00 1.00 1.00 1.00 0.00 1.00 1.00
16 6
0.69 0.68 0.09 0.62 0.66 0.69 0.70 0.67 0.08 0.05 0.67 0.02 0.65 0.66 0.66 0.65
16 8
0.09 0.04 0.80 0.09 0.05 0.05 0.00 0.10 0.69 0.00 0.07 0.70 0.48 0.90 0.70 0.82
16 2
0.64 0.65 0.68 0.60 0.68 0.60 0.05 0.62 0.62 0.07 0.61 0.01 0.64 0.60 0.61 0.07
2 2
0.00 0.00
16 14
0.01 0.01 0.00 0.01 0.00 0.02 0.02 0.02 0.02 0.00 0.00 0.02 0.02 0.02 0.00 0.00
16 12
0.68 0.01 0.68 0.69 0.66 0.69 0.03 0.62 0.06 0.65 0.03 0.69 0.66 0.65 0.62 0.60
8 2
1.00 1.00 1.00 1.00 1.00 1.00 1.00 1.00
3 2
0.00 1.00 0.00
16 6
0.01 0.00 0.01 0.02 0.01 0.00 0.00 0.00 0.01 0.02 0.01 0.01 0.00 0.00 0.02 0.00
16 8
0.80 0.09 0.05 0.36 0.05 0.06 0.95 0.06 0.22 0.01 0.10 0.51 0.20 0.89 0.09 0.03
8 6
1.00 0.00 1.00 1.00 1.00 0.00 0.00 1.00
16 6
0.49 0.38 0.60 0.61 0.58 0.57 0.45 0.35 0.37 0.40 0.41 0.38 0.33 0.50 0.33 0.62
16 8
0.25 0.98 0.20 1.00 0.01 0.36 0.98 0.98 1.00 0.25 0.11 0.18 0.28 1.00 1.00 0.98
2 2
1.00 0.00
4 2
1.00 1.00 0.00 1.00
16 10
0.50 0.50 0.49 0.51 0.50 0.49 0.51 0.49 0.51 0.51 0.51 0.49 0.49 0.51 0.51 0.49
3 2
0.04 0.01 0.02
4 2
0.00 0.02 0.00 0.00
16 8
0.98 0.64 0.99 0.76 0.98 0.70 0.98 0.52 1.00 0.99 0.68 0.99 0.99 0.98 0.61 0.61
16 10
0.63 0.46 0.59 0.45 0.42 0.62 0.84 0.48 0.60 0.83 0.46 0.56 0.49 0.78 0.75 0.60
12 12
0.66 0.89 0.23 0.74 0.71 0.40 0.98 0.72 0.01 0.26 0.79 0.42
16 6
1.00 0.98 0.98 0.99 1.00 0.99 1.00 0.98 1.00 0.98 1.00 0.99 0.99 1.00 1.00 0.99
8 4
1.00 1.00 1.00 0.00 0.00 1.00 1.00 0.00
8 6
0.00 1.00 1.00 0.00 1.00 1.00 1.00 1.00
16 2
0.99 0.98 1.00 0.99 0.98 0.99 0.99 1.00 1.00 0.99 0.99 0.99 1.00 1.00 1.00 0.99
16 10
0.98 1.00 0.98 1.00 1.00 0.98 0.98 1.00 1.00 1.00 0.99 0.99 0.98 0.98 0.98 0.98
16 2
0.76 0.49 0.92 0.89 0.92 0.94 0.64 1.00 0.28 0.42 0.55 0.04 0.48 0.35 0.04 0.01
16 10
0.34 0.43 0.65 0.66 0.63 0.69 0.61 0.71 0.69 0.65 0.47 0.38 0.52 0.42 0.38 0.68
2 2
0.45 0.05
4 2
0.00 0.98 1.00 1.00
12 2
0.30 0.10 0.38 0.23 0.04 0.46 0.78 0.69 0.89 0.48 0.60 0.31
16 10
0.63 0.59 0.46 0.87 0.61 0.34 0.33 0.74 0.81 0.88 0.40 0.57 0.51 0.44 0.59 0.61
8 2
0.00 1.00 0.00 0.00 1.00 1.00 1.00 1.00
16 8
0.67 0.70 0.07 0.64 0.04 0.10 0.64 0.66 0.65 0.66 0.69 0.65 0.03 0.64 0.60 0.61
16 6
0.49 0.51 0.50 0.50 0.51 0.49 0.50 0.49 0.50 0.50 0.51 0.49 0.51 0.49 0.51 0.49
8 4
1.00 1.00 1.00 0.00 1.00 1.00 1.00 0.00
16 10
0.10 0.00 0.10 0.62 0.04 0.04 0.68 0.02 0.07 0.64 0.07 0.02 0.04 0.01 0.65 0.07
16 10
0.26 0.25 0.94 0.72 0.56 0.74 0.97 0.36 0.19 0.66 0.71 0.96 0.22 0.40 0.87 0.79
8 4
1.00 1.00 1.00 1.00 1.00 0.00 1.00 1.00
16 8
0.08 0.07 0.10 0.67 0.04 0.10 0.07 0.69 0.07 0.09 0.62 0.00 0.08 0.02 0.65 0.08
16 8
0.09 0.94 0.03 0.96 0.06 0.01 0.91 0.92 0.99 0.05 0.04 0.07 0.95 0.97 0.06 0.94
16 2
0.34 0.65 0.61 0.49 0.46 0.52 0.53 0.32 0.59 0.42 0.45 0.32 0.51 0.55 0.68 0.43
16 14
0.62 0.01 0.60 0.05 0.06 0.03 0.05 0.09 0.66 0.01 0.63 0.02 0.01 0.09 0.09 0.07
