100
489 967
28 269 574665947 112
340 614 159860743 582
927 135
125 1 1 754
569 670 907863047 894
829 491
218 979 604165346 489
816 1 1 817
153 316
246 793 665342333 558
110 937 683957056 168
956 671
264 1 459150232 537
479 1 1 480
1000 8
240 512 751704997 511
604 923 822672160 974
1000 380
198 911 266335899 455
196 475 913044503 738
956 395
88 383 714662508 250
39 139 947476146 73
954 466
771 1 1 839
263 622 891737652 784
918 430
243 861 691729373 430
911 1 1 912
124 131
255 1 50916863 506
17 472 500388691 258
971 479
875 1 1 971
870 1 1 871
998 967
297 585 900809521 584
919 1 1 920
985 813
163 1 1 961
893 1 1 894
979 2
251 745 507321893 558
505 1 1 506
995 63
194 817 257898799 408
93 1 1 94
956 588
225 160 647855839 477
100 1 1 101
849 728
140 1 1 804
831 1 1 832
847 718
142 1 1 843
812 1 1 813
964 521
864 1 1 957
859 1 1 860
1000 999
1 1 1 1000
999 1 1 1000
803 487
397 1 1 791
870 1 1 871
373 314
79 76 586608344 93
23 714 963565687 152
848 35
179 813 833685213 406
880 1 1 881
822 682
129 1 1 801
824 1 1 825
878 46
251 845 356824693 422
96 1 1 97
801 355
615 1 1 676
18 167 483250094 180
262 694
274 308 913077672 361
190 879 122177063 290
987 575
568 1 1 985
481 1 1 482
883 313
240 810 487638226 250
333 318 252672515 464
1 223
187 1 43051826 467
695 393 829529840 889
825 450
203 470 933674492 469
432 1 1 433
899 1
260 441 861509953 440
81 1 1 82
999 490
571 1 1 973
904 1 1 905
6 5
10 1 3 17
5 2 7 19
951 722
271 511 676335161 510
874 1 1 875
976 171
198 953 272366960 903
21 823 656249710 121
10 13
28 931 601463 36
231 539 556432 258
809 69
228 545 130489387 544
551 1 1 552
833 443
460 1 1 785
439 1 1 440
818 464
403 1 1 805
978 1 1 979
855 727
150 1 1 844
811 1 1 812
1 729
242 887 902472138 443
355 648 505068412 891
853 391
757 1 1 839
806 1 1 807
835 22
272 935 516205610 467
417 1 1 418
557 653
368 956 391274119 509
213 630 906888998 257
50 720
282 1 970466962 499
70 654 825733296 363
862 406
768 1 1 851
805 1 1 806
938 43
199 863 449304445 431
458 1 1 459
967 255
136 575 719936268 218
482 519 613671757 650
832 431
705 1 1 782
415 1 1 416
1000 923
349 1 37662501 587
23 490 109653068 25
18 978
471 729 331749518 515
58 179 461207197 84
803 303
278 1 273529017 560
69 1 1 70
902 718
137 1 1 851
871 1 1 872
950 824
231 927 421619012 463
886 1 1 887
935 482
786 1 1 873
484 1 1 485
853 925
333 585 101981669 584
463 877 874490336 520
828 923
332 574 649510849 573
812 1 1 813
993 457
250 1 971490239 582
897 1 1 898
827 28
277 961 179446189 480
77 1 1 78
869 709
146 1 1 820
807 1 1 808
13 451
2 444 323389621 520
93 623 945547217 354
138 605
288 594 16490090 593
228 143 810595 416
704 381
610 173 693509044 967
639 130 371505459 953
955 803
248 442 97939903 441
512 1 1 513
860 760
138 1 1 858
839 1 1 840
810 708
159 1 1 802
897 1 1 898
914 803
170 1 1 888
805 1 1 806
843 615
247 873 948671171 436
405 1 1 406
888 757
147 1 1 862
803 1 1 804
1000 982
621 2 7 997
899 1 1 900
654 713
111 629 436313813 116
417 218 365810995 854
89 112
163 390 259838180 613
346 233 643830027 909
811 639
151 1 1 805
893 1 1 894
870 223
180 292 725260386 638
192 109 516324444 218
969 283
419 852 929484095 555
172 124 746844826 186
997 478
538 1 1 977
898 1 1 899
939 620
492 1 1 936
845 1 1 846
970 438
872 1 1 967
866 1 1 867
990 967
243 561 890165267 560
868 1 1 869
1 433
316 1 50056309 568
318 99 681553570 857
815 683
138 1 1 799
942 1 1 943
159 57
250 306 722715143 286
417 461 130348980 650
26 917
259 459 58230665 458
740 830 688830881 811
925 752
163 1 1 884
829 1 1 830
960 486
146 1 1 871
53 802 947676370 88
866 328
540 218 347147752 931
254 353 309745453 623
820 572
404 1 1 794
805 1 1 806
171 731
5 781 805963680 84
76 121 674269368 144
921 93
235 1 133099091 474
486 1 1 487
1000 700
1 1 1 1000
999 1 1 1000
92 637
155 124 148140091 230
355 726 705362474 526
899 751
155 1 1 885
833 1 1 834
982 856
328 597 899672095 596
174 1 2 176
953 447
772 1 1 856
494 1 1 495
31 932
12 566 474152772 49
14 51 875739505 189
1000 999
999 1 999 1000
999 1 1 1000
1 395
18 246 615815 60
73 228 14618 195
931 343
229 709 262403221 531
460 1 1 461
