100
2 1
500 300
900
660
2 1
500 300
1500
809
2 2
50 100
450 449
1100 1101
2 1
500 300
300
500
1 8
10
11 13 17 11 16 14 12 18
1 8
6
54 6 6 18 18 66 12 46
1 7
4
2200 765 8355 6840 4000 4400 3059
1 2
2
1439 1654
1 2
3
300 540
2 6
8 8
12000 16445 21343 14551 13837 5040
12000 14812 16733 15231 20413 6160
1 4
3
5299 638 5940 4500
1 7
2
1140 1379 183 880 380 631 1000
1 2
6
6004 12614
2 2
6 5
10818 10735
9015 8522
2 8
171492 661672
549802 807830 807828 997664 971098 573484 781341 943261
791254 984273 793364 698545 333177 351189 491395 436795
2 8
2 5
1179 1260 800 629 360 1729 1034 183
1595 3850 2625 1100 2000 2842 476 3891
1 3
1000000
899999 900000 900001
1 4
101114
972340 866002 678923 825890
2 7
10 4
17540 19800 18000 18133 19250 19199 18559
7200 7615 6480 6569 7302 7688 6731
2 6
1 1
2277 1710 968 1164 1071 1600
2200 907 1319 1042 2090 1600
2 8
2 3
3564 3060 3320 3400 3400 3102 3253 3639
5492 5100 5387 5434 4608 5432 5100 5610
1 4
3
2970 3142 3410 3149
2 8
4 4
36 26 4 13 8 12 36 4
8 12 12 4 44 44 4 30
2 8
1 2
9 1 9 1 1 1 1 1
22 2 2 2 2 2 22 2
2 7
4 3
6400 10117 8776 7480 3988 5720 1510
3510 4590 6331 7779 1159 4800 3589
1 8
8
32 70 88 67 40 41 88 24
1 2
4
7560 9150
2 8
770388 104927
965694 709582 927373 677193 960508 770949 870703 971899
883771 631669 956055 980627 901993 928042 700342 326314
1 3
1
7 1 11
1 8
8
5760 7040 6861 6708 6145 6400 7004 5920
1 8
151342
727516 958457 762229 897407 720516 982312 888193 935378
1 8
4
8291 9235 8625 9284 8412 8648 7596 8404
2 5
6 3
14964 14705 16566 15872 14988
8216 8194 7494 7446 6777
2 8
9 3
16200 6930 5439 10889 17032 16669 20700 7890
1873 1890 6600 6252 3447 6900 2619 5572
2 7
1 1
220 300 2336 415 1800 791 1821
180 426 720 1820 1800 2344 300
1 1
9
817
2 8
9 1
9 81 9 9 9 81 9 9
1 11 1 11 1 1 1 1
1 7
5
12967 11423 12490 13660 13705 12846 11295
2 4
3 5
900 655 283 1121
1034 470 2082 1500
1 7
2
4979 4836 4384 4606 4158 4624 5082
1 7
5
3424 550 3300 902 2674 1500 2130
1 1
7
661
1 5
235412
999864 877680 890597 675724 821398
1 7
1
696 642 686 709 767 747 770
2 1
586866 208381
512668
447677
1 6
10
3600 4524 6189 3177 2000 995
1 3
10
73 72 59
1 6
194842
941825 827322 771388 848769 884856 864283
1 8
1
2 11 8 3 1 8 5 11
2 8
2 2
3341 2880 3312 3396 3077 3520 3200 3131
3004 3332 3012 3520 2880 2899 3238 3200
2 4
2 1
2 18 2 16
1 11 1 8
2 5
8 8
2185 800 3519 4049 1760
3901 800 3312 2345 1440
1 1
10
10464
1 3
415060
810585 902112 948522
2 5
3 3
33 3 3 3 3
3 27 3 3 3
1 5
1005
885430 972370 636711 790347 629906
2 8
1 1
1000000 999999 999998 999997 999996 999995 999994 999993
999992 999991 999990 999989 999988 999987 999986 999985
2 5
6 9
4118 1320 5400 13578 10235
1620 19044 15377 8100 5694
1 7
3
2673 2400 2373 2640 2378 2649 2273
2 3
10 6
110 56 11
6 34 54
2 1
4 3
6718
5282
2 8
9 5
23760 19550 21822 21974 20690 22525 21564 21600
10800 12869 11040 12000 11828 13149 11980 11924
1 2
7
10733 9450
2 6
117896 20186
501785 761777 724081 927271 876186 924376
728508 972410 983519 463228 778053 363582
1 7
69588
938551 952157 896886 219773 809972 666861 826928
1 1
7
18616
2 6
7 8
4200 1890 3195 1444 2577 700
4800 3067 2640 1705 800 4020
2 8
1 8
7 6 2 5 9 11 3 6
43 48 59 88 72 24 47 15
1 8
313848
971565 926757 731826 807240 773989 925202 736990 920097
2 2
5 10
5 5
10 10
1 8
2
2178 2178 2508 2394 2369 2309 2232 2221
2 3
4 4
1521 2520 7434
7249 3080 1513
1 1
7
717
2 8
2 10
1260 360 1571 800 1078 1119 582 198
2960 928 7922 5492 6263 4000 2200 7700
2 7
5 9
2500 1100 2190 1581 461 2726 3150
1620 6930 2736 5341 817 3861 4500
1 7
371207
705518 898832 995542 904796 800823 596989 871712
2 8
9 3
8100 8100 9502 9205 8860 9598 8101 9000
2985 3300 2998 3005 3300 3000 3263 3279
2 6
2 10
954 1054 1004 1004 944 1100
4670 4533 4500 4775 5020 5270
1 4
5
14 55 35 15
1 8
10
7 8 1 6 5 2 4 3
2 8
68355 111946
806615 247686 897516 450446 253844 635693 965859 583019
409140 386185 908650 901840 902379 790839 894412 840147
2 8
2 4
3146 2812 1200 2174 3780 1260 4673 5149
5878 10706 9240 9473 4661 2400 3080 6307
1 7
10
15949 17000 16944 15674 17679 15300 17000
2 1
7 6
12600
10800
2 2
2 9
434 198
851 1912
1 8
2
1503 1561 1596 1643 1760 1782 1705 1469
1 1
215342
801021
2 1
7 3
12600
5400
2 6
7 7
15627 13860 15351 15400 16544 16872
15502 15120 16940 15400 16398 15726
1 3
7
7 7 7
2 8
6 4
12116 11400 12329 11248 11400 12364 12245 10260
8300 7496 7954 8077 8360 7600 7600 7241
1 6
4
3240 3960 3478 3799 3600 3581
2 3
2 8
22 6 4
15 24 72
1 1
96012
944008
2 8
2 2
590 590 661 682 618 540 657 557
558 616 663 662 590 590 550 660
2 5
4 4
4 4 4 4 44
4 4 4 4 36
2 3
5 7
32 25 55
35 63 45
2 2
7 4
36 63
44 22
2 2
5 10
45 11
110 20
2 1
1 1
1080
1320
