100
2 1
500 300
900
660
2 1
500 300
1500
809
2 2
50 100
450 449
1100 1101
2 1
500 300
300
500
1 8
10
11 13 17 11 16 14 12 18
1 5
8
88 8 69 40 16
1 4
51002
764393 213590 684747 166274
2 7
169397 6681
622679 966928 904985 914423 569916 599863 942209
428930 961218 895714 460778 672729 764720 964394
1 6
10
9661 9772 10010 9117 8970 8239
2 8
6 6
4224 3834 4229 4298 3844 4000 4194 4292
4686 4012 4224 4197 4194 4607 3968 3926
2 8
3 6
3 3 3 3 3 27 3 3
6 6 6 6 6 6 6 66
2 8
1 1
1000000 999999 999998 999997 999996 999995 999994 999993
999992 999991 999990 999989 999988 999987 999986 999985
1 3
2
17 2 22
2 5
3 2
9 12 13 15 33
10 18 6 8 8
2 7
8 5
4000 5325 854 5215 2640 1472 3432
520 2105 3328 1350 2500 971 3184
1 5
2
979 215 800 654 360
1 4
838048
711860 615534 368973 354932
1 6
8
800 796 790 763 880 848
1 1
5
4500
1 4
246312
579182 865384 319162 838622
2 8
4 9
5647 417 10120 8000 1311 4362 5272 1482
12437 18630 907 9309 13414 3532 18000 2840
2 8
1 5
816 500 220 576 329 435 93 770
2923 900 1627 464 2070 2500 4132 3150
2 4
343772 885554
897994 970089 908456 872951
859729 596835 793525 955745
2 8
4 10
36 22 16 36 25 28 4 21
40 9 47 70 110 110 60 58
1 6
3
1526 300 1800 660 875 1137
1 6
7
1499 2579 658 3500 4145 1890
2 8
7 2
13010 11847 11815 10902 11865 12093 10773 10710
3740 3284 3495 3652 3446 3762 3390 3385
2 1
5 3
1000
600
1 2
5
10694 1648
2 4
558326 295984
974102 238869 991360 619976
833950 942989 937712 971718
2 2
39766 40140
816544 976274
757200 863051
1 1
5
12006
1 7
5
2478 2582 2412 2637 2286 2250 2475
2 8
5 8
1028 2333 507 2200 4000 1500 3844 3005
860 5650 6400 4870 2400 1447 2880 3856
2 2
9 10
9 9
9 10
1 5
6
1264 1170 1172 1320 1157
2 3
8 8
10616 10152 12040
10587 12408 12159
2 5
3 10
25 22 9 22 33
30 87 90 80 86
2 1
100970 419581
943156
562388
2 6
3 3
27 3 3 3 3 3
3 3 3 3 33 3
1 3
1
2100 2212 2194
2 8
427888 524780
988849 968412 955298 728524 301750 909256 846565 356697
705284 779969 835261 713344 918332 877996 688090 605326
1 6
7
5600 5675 5551 6160 5103 5763
1 6
1
374 540 90 316 200 506
1 6
285275
954127 513834 423327 996819 962738 705300
1 8
10
7 3 6 2 5 4 1 8
2 8
1 5
299 200 398 107 768 700 450 604
4191 2750 537 3164 3500 1810 1509 1000
1 1
3
27
1 7
4
7240 1200 1221 3200 2171 2957 7920
1 4
2
4 14 13 2
1 6
3
7623 7154 7623 6894 7508 6301
2 7
5 7
20 34 24 45 55 33 20
45 26 28 77 34 48 63
1 7
2
1100 584 200 856 1433 408 1200
2 3
2 8
4620 4149 4028
15209 15956 15120
2 2
7 2
14775 15789
4406 3877
2 8
5 2
3000 3128 3000 3237 3134 3276 2768 2700
1320 1295 1200 1200 1134 1265 1151 1100
2 3
1 8
11 1 4
8 34 72
1 1
8
1502
2 3
1 9
11 1 3
81 27 9
1 2
4
8388 9113
2 4
4 8
4 36 4 4
8 88 8 8
2 6
5 9
459 9095 10000 10972 9900 2456
835 16355 4352 20542 21780 18000
2 8
3 7
5700 298 4355 6900 630 4320 5280 1172
714 2692 16100 10080 13300 12320 10204 1503
1 6
8
14687 9261 6160 6160 15713 11200
2 8
722306 33614
876375 655140 817090 215281 823700 679913 931930 832672
338220 313795 682183 791847 756317 603203 943202 975608
2 6
2 1
3300 4710 3905 3467 2800 609
1350 329 1844 1400 2009 2048
2 8
2 2
2 18 2 2 2 2 2 2
2 22 2 2 2 2 2 2
1 5
5
26 23 5 35 55
1 5
4
9188 10120 9458 9922 8576
2 7
2 8
22 12 4 6 2 2 18
72 24 16 8 88 48 8
1 2
6
9958 11220
2 3
2 1
1736 3800 1189
877 579 1900
2 8
8 3
6480 7200 7200 7264 6727 7036 6480 7445
2492 2970 2700 2970 2700 2598 2735 2463
2 8
5 5
22 33 25 32 5 30 45 16
5 32 55 23 21 15 35 30
2 8
9 5
2529 13384 12600 6309 16601 14489 17100 24750
7000 8025 11250 3523 9500 8358 1617 8979
2 2
243595 2888
495375 988508
913110 958819
2 4
4 2
4507 4384 3996 4167
2052 2192 2372 2442
1 1
9
896
2 8
8 9
813 4915 5513 3600 3234 6400 1581 2400
4950 889 2700 5740 6170 1684 7200 3684
1 7
5
1590 985 2750 3307 2000 2777 456
2 2
8 1
60 29
4 7
1 3
5
13737 1650 9620
2 4
8 4
3485 760 2160 1502
786 1320 1605 368
2 5
4 4
4040 5200 9240 8415 4466
4396 4677 7560 8408 5200
2 4
1 10
700 719 634 770
7565 6863 6300 7000
1 7
9
4272 4540 4086 4900 4500 4690 4950
2 8
9 7
6774 6480 6613 7200 7461 7341 7821 6480
6051 5591 6160 5600 5676 6160 5811 5107
2 8
6 2
9600 564 6480 11340 2225 12227 13099 8227
180 2640 2923 4571 4620 3200 3801 736
1 3
578565
666586 550649 727561
1 3
10
11700 13687 13000
1 3
1000000
900001 900000 899999
1 1
3
5433
1 5
235412
675724 821398 890597 999864 877680
1 8
21679
595003 124792 787177 211062 465997 907095 835106 310137
2 8
3520 315162
799232 388249 977773 545765 907771 360508 813996 280735
681476 785580 964755 754341 582679 826022 252773 166779
2 5
2 10
4600 4444 4345 4715 5060
25275 20700 20762 22552 23000
1 7
8
4800 2640 1642 3844 3468 800 5606
2 8
4 6
6843 6320 7252 6153 7480 6804 6709 7524
10611 10346 10206 9180 10101 9919 9983 9234
1 8
8
65 72 46 88 64 48 56 58
1 5
6
11807 13860 12939 12763 12600
