100
11 5 16 5 0 0
3 1 3 2 2 0
3 1 3 2 1 0
2 1 5 1 1 1
91 1 93 44 0 1
100 1 47 51 0 2
100 13 99 56 1 6
97 1 33 51 0 3
92 1 94 46 0 1
81 1 62 43 1 8
100 1 92 50 0 1
93 5 87 43 7 1
93 1 24 50 0 4
97 1 94 47 0 1
95 4 23 34 0 0
93 1 99 46 0 1
14 1 65 79 2 66
74 1 32 30 1 1
92 1 95 46 0 1
98 1 100 48 0 1
34 1 70 86 2 59
59 1 74 28 1 1
93 1 93 45 0 1
96 1 95 48 0 1
94 1 46 49 0 2
90 1 98 44 0 1
90 1 24 49 0 4
92 1 98 47 0 1
95 1 93 47 0 1
94 1 92 48 0 1
97 1 95 48 0 1
92 1 49 47 0 2
93 1 95 46 0 1
91 1 93 45 0 1
99 1 33 50 0 3
14 5 64 8 21 1
96 1 97 49 0 1
95 1 91 47 0 1
36 41 85 76 28 49
54 1 73 26 3 1
90 1 93 46 0 1
92 1 92 47 0 1
92 1 19 23 0 0
90 1 90 46 0 1
93 1 24 49 0 4
59 1 66 27 4 2
94 1 24 50 0 4
15 1 86 9 1 2
92 1 90 45 0 1
94 1 90 47 0 1
24 1 99 14 13 2
53 1 77 14 3 8
95 1 24 51 0 4
51 1 51 22 3 1
94 1 48 47 0 2
96 1 30 51 0 3
99 2 2 8 0 0
94 1 22 50 0 4
56 39 47 90 2 10
12 1 31 51 17 16
97 1 94 49 0 1
96 1 68 61 1 31
81 1 81 90 2 7
99 1 100 49 0 1
3 1 8 27 2 7
96 1 48 47 0 2
97 1 90 47 0 1
46 1 50 26 3 2
90 1 96 44 0 1
98 1 93 48 0 1
93 1 23 45 0 4
95 1 90 46 0 1
100 1 90 50 0 1
28 5 50 7 0 0
94 1 32 50 0 3
96 1 96 48 0 1
96 1 92 47 0 1
26 1 60 13 3 2
85 1 64 40 2 1
90 1 74 74 2 34
80 15 55 89 33 87
90 1 96 45 0 1
100 1 5 48 1 9
90 1 100 46 0 1
90 1 91 44 0 1
94 1 33 46 0 3
20 1 82 10 4 3
96 1 96 49 0 1
96 1 91 47 0 1
96 1 32 48 0 3
6 1 45 2 1 2
91 1 95 45 0 1
43 3 97 19 4 1
98 1 45 50 0 2
88 7 48 60 0 0
99 1 92 48 0 1
23 1 81 10 3 2
100 1 32 52 0 3
79 1 93 37 2 5
93 1 48 45 0 2
