100
11 5 16 5 0 0
3 1 3 2 2 0
3 1 3 2 1 0
2 1 5 1 1 1
97 1 99 48 0 1
90 1 100 44 0 1
99 1 91 56 1 39
94 1 92 48 0 1
28 1 53 16 1 2
99 1 49 48 0 2
100 1 30 50 0 3
64 1 43 30 3 2
99 1 95 48 0 1
93 1 96 45 0 1
99 1 94 48 0 1
98 1 23 49 0 4
97 1 22 50 0 4
84 13 50 80 19 13
62 1 84 26 3 1
98 1 95 49 0 1
90 8 19 54 5 8
36 41 85 76 28 49
28 5 50 7 0 0
90 1 99 46 0 1
99 1 24 49 0 4
92 1 98 46 0 1
92 1 19 23 0 0
92 1 99 47 0 1
99 1 97 50 0 1
96 1 30 47 0 3
69 1 97 26 3 11
100 1 48 49 0 2
100 1 97 49 0 1
96 1 95 47 0 1
93 1 31 48 0 3
99 1 98 48 0 1
80 15 55 89 33 87
94 1 24 51 0 4
53 1 43 25 4 2
47 24 90 25 1 4
99 1 48 49 0 2
54 20 23 31 1 28
99 1 99 48 0 1
93 1 100 46 0 1
98 1 99 49 0 1
92 1 97 46 0 1
92 1 94 47 0 1
92 1 30 49 0 3
86 1 77 41 4 18
90 1 94 45 0 1
94 1 92 46 0 1
95 1 47 47 0 2
91 1 31 47 0 3
90 1 95 45 0 1
88 7 48 60 0 0
27 1 85 11 2 2
95 4 23 34 0 0
26 1 60 13 3 2
53 1 77 45 4 14
96 1 97 47 0 1
60 1 73 57 3 38
97 1 97 47 0 1
99 1 23 50 0 4
91 1 94 45 0 1
57 1 7 23 3 17
16 1 56 9 4 1
52 1 13 26 1 3
90 1 91 45 0 1
95 1 93 46 0 1
96 1 91 49 0 1
83 1 69 43 2 4
96 1 32 51 0 3
100 1 94 50 0 1
90 1 94 44 0 1
46 3 45 78 3 14
60 1 85 30 2 6
90 1 30 47 0 3
92 1 100 47 0 1
100 1 91 51 0 1
20 6 46 10 18 1
95 1 45 49 0 2
84 15 63 50 3 6
100 1 100 49 0 1
100 1 92 49 0 1
97 1 47 50 0 2
90 1 95 46 0 1
45 1 83 72 2 65
30 13 62 31 8 5
31 7 78 31 9 2
90 1 96 45 0 1
27 1 79 13 2 1
99 2 2 8 0 0
91 1 22 47 0 4
99 1 23 53 0 4
92 1 97 45 0 1
98 1 45 49 0 2
99 1 96 50 0 1
8 13 47 68 3 1
24 1 95 1 3 1
92 1 91 47 0 1
