100
10 85 8992
564 905 5
499 585 3
271 1092 2
508 1480 8
224 1017 5
385 612 5
957 1631 6
704 1091 5
197 983 2
386 1007 2
8 98 7672
1264 1339 8
1280 2136 5
910 1518 11
327 692 3
837 1598 13
422 706 14
1487 2897 16
412 1075 11
5 100 8678
850 1131 8
970 1451 9
739 1489 6
229 576 7
940 1798 1
9 82 8704
717 1406 6
886 1640 8
498 1446 1
639 1251 4
898 1187 6
107 819 4
129 975 7
377 1164 4
24 63 6
9 91 8023
560 925 3
364 1215 9
344 1110 4
29 886 2
654 1203 3
478 1006 5
760 1047 5
507 923 3
424 532 9
8 85 8076
848 1333 3
94 575 7
281 483 6
694 826 6
372 1117 6
756 1241 4
413 1185 6
965 1847 1
9 91 9789
763 1396 7
90 1078 9
877 1664 4
668 1508 8
409 1338 9
134 975 3
107 1001 2
290 1170 1
570 1507 9
9 85 7984
874 1243 4
926 1434 2
264 307 8
732 1261 7
762 1458 3
834 1447 6
874 1565 7
156 428 2
974 1367 6
10 89 8245
797 1530 1
395 1187 1
146 455 3
776 1473 3
664 1232 5
648 1453 4
211 1177 8
880 1306 4
629 1169 4
131 522 7
10 99 8486
519 562 1
369 1084 8
847 1751 3
503 685 1
673 1409 1
980 988 4
364 917 6
869 1604 9
712 1157 5
81 479 4
3 81 8065
1127 1162 6
571 2189 1
37 1412 13
7 86 7494
626 1297 7
184 485 7
861 1659 4
865 1707 7
973 1959 2
94 625 5
398 1047 7
9 92 7170
800 1231 4
466 1105 5
213 535 7
635 754 5
877 1653 4
360 366 6
847 1143 2
995 1109 1
199 435 5
9 94 7959
851 1192 8
189 331 3
961 1427 3
28 915 9
660 741 3
964 1630 3
872 1348 9
699 1570 6
487 1434 5
8 81 7937
700 1057 6
596 1449 7
283 1177 5
817 1569 6
671 1654 3
363 854 4
476 724 5
950 1157 3
1 10 10
14 54 8
10 84 6698
5 573 4
183 783 1
3 277 2
541 1149 8
209 1046 4
726 968 6
856 1316 8
648 1389 5
156 808 3
796 1705 6
10 98 6790
178 1112 4
851 1710 4
954 1076 3
953 1159 7
195 514 5
384 536 3
823 849 9
712 1245 5
142 1001 7
661 1262 7
10 83 9476
966 1472 6
966 1191 6
136 698 5
66 520 7
475 731 1
412 994 3
17 987 8
485 952 8
525 1470 6
737 1400 4
9 91 9174
501 1475 4
597 1225 4
718 1114 8
742 1669 7
455 1074 8
593 871 6
547 706 4
103 328 9
756 1577 1
8 84 8230
368 871 1
985 1387 3
893 966 3
450 1356 2
975 1284 2
389 1125 6
146 479 4
127 869 1
8 100 7047
680 1369 9
675 1033 9
335 1002 7
877 1815 9
406 831 6
219 928 1
930 1368 2
560 1275 7
9 83 7413
928 1591 3
422 1068 3
842 1071 7
434 1383 6
930 1429 7
785 1322 7
643 937 1
697 813 5
734 1397 6
8 90 8954
827 1617 8
436 1183 7
858 1441 5
4 964 3
551 1236 5
939 1135 7
315 463 4
677 1117 7
8 81 8613
104 991 2
71 756 7
756 1490 3
293 457 3
948 1046 2
460 1156 5
874 1829 5
815 1186 3
10 82 7004
545 804 1
27 613 3
118 454 3
781 1761 5
94 183 5
988 1183 8
712 1175 3
854 1055 3
651 934 7
870 992 6
9 88 8177
602 652 6
438 899 3
991 1831 4
505 1231 6
378 694 6
679 789 3
351 657 5
549 1303 6
863 1409 4
9 92 7738
98 941 7
269 668 1
650 1261 4
734 1185 2
964 1049 9
848 1323 7
560 1134 9
715 1517 3
6 385 1
9 82 6816
613 1402 6
7 1001 6
445 1089 7
491 1005 2
786 1289 4
693 1116 6
186 1043 2
367 1119 4
177 484 2
3 84 9020
1455 2644 16
1418 3477 18
2047 4379 21
1 10 10
6 54 4
8 100 7160
952 1239 9
113 632 10
616 1268 4
577 878 1
916 1608 9
999 1835 8
974 1739 5
692 1535 1
9 93 9204
28 835 9
90 528 1
796 1099 5
997 1544 9
797 1259 5
947 1729 1
559 1067 4
783 1595 7
163 976 5
9 84 8787
542 903 4
965 1288 1
571 1503 4
323 598 8
421 1248 6
423 936 2
747 1532 4
47 124 7
60 829 2
8 95 8014
433 1276 4
261 1191 4
429 796 9
157 1064 6
200 1113 4
261 493 1
556 641 2
970 1830 9
10 81 8590
397 723 2
279 1025 1
950 1489 7
991 1835 6
421 1273 7
296 438 1
101 1006 4
294 331 7
517 935 3
987 1325 7
10 88 8823
1068 1581 10
154 1299 7
864 1963 3
1156 2202 8
1029 2089 3
290 568 8
1419 1869 12
452 1345 4
45 417 10
1243 2412 11
9 95 7251
117 1026 5
880 1652 3
134 319 7
298 483 7
40 789 9
792 1679 6
930 1593 2
727 727 3
810 884 2
10 82 6747
119 566 3
240 1041 3
72 413 5
219 768 5
8 635 2
223 1057 4
500 1333 1
214 1203 6
996 1132 3
157 331 8
9 84 9001
343 538 4
877 1260 1
265 960 8
940 1663 2
676 1410 1
173 870 2
998 1566 4
875 1493 8
347 803 8
3 86 7866
1391 2334 3
1240 1809 9
1092 1851 3
9 94 8166
524 830 4
135 1046 6
739 1699 7
627 952 4
277 802 5
934 1119 8
743 1156 8
512 881 1
744 1521 7
2 93 7722
1746 2039 7
1203 1599 15
7 99 6961
635 1093 7
761 951 4
557 667 6
861 1842 2
841 1154 6
283 1114 9
390 594 2
7 96 8044
562 1555 5
736 1640 5
206 1176 8
611 1586 9
464 825 9
752 1337 7
883 1368 9
8 92 7156
587 1400 9
106 376 1
296 489 3
179 677 8
256 492 7
918 1700 9
750 1009 7
792 1613 7
8 91 7572
286 665 3
988 1435 6
573 1324 7
469 1124 2
59 91 6
854 1612 3
316 1067 6
242 962 1
6 85 8388
2855 4469 22
1127 3006 2
2233 2501 14
1287 1553 20
421 613 26
1346 4222 21
10 95 7065
616 1560 3
552 762 9
957 1702 8
567 709 2
817 901 2
885 1647 8
220 350 9
953 1107 9
841 1230 8
432 1186 5
1 10 10
5 9 5
7 91 8700
892 996 1
392 1015 5
278 1123 11
29 1062 8
215 401 7
127 563 1
690 1271 8
7 83 7384
1105 1339 7
842 1515 9
938 1997 9
18 401 5
1072 1134 9
112 927 3
900 1193 3
10 96 8350
96 899 2
734 1273 8
357 375 2
809 1673 2
423 1105 1
387 727 7
380 909 4
899 1577 3
30 792 3
559 1466 9
10 82 9821
430 1130 4
549 1330 5
790 1634 2
106 151 3
186 513 2
23 262 5
367 1068 8
101 890 7
904 1043 6
906 1803 3
6 83 8498
1692 2266 9
1998 3216 15
1415 1580 4
619 2243 14
968 1817 14
938 954 1
8 87 7037
710 1644 1
679 1014 1
46 646 1
678 1468 3
864 1853 4
62 168 6
649 1027 5
213 957 7
10 90 7976
681 813 6
983 1233 8
449 1276 4
355 736 7
45 947 7
999 1587 9
121 766 5
1000 1197 2
228 806 1
257 737 4
8 85 7157
574 738 1
641 1281 2
832 1732 7
553 704 8
591 1418 8
591 869 4
102 146 4
867 1123 8
10 81 6919
448 1322 8
247 664 2
149 656 6
771 1034 4
28 269 4
591 882 6
96 240 3
530 776 4
819 1169 8
430 891 6
9 97 6783
114 633 2
960 1236 7
940 1687 4
68 1057 3
795 1002 4
918 1037 6
432 1256 7
736 1624 2
732 768 8
9 87 8986
373 1315 8
560 1558 7
965 1949 6
513 719 6
356 792 3
849 1311 8
740 871 7
28 763 5
832 1103 2
10 100 8581
121 521 10
497 1338 9
323 959 7
47 1032 10
550 1331 9
298 378 3
72 1062 7
293 1065 5
605 891 7
837 1376 3
8 100 7690
1135 1708 10
1091 1963 11
1056 1570 4
190 1197 5
1068 1204 6
370 534 4
1115 1493 5
246 750 5
7 85 7029
490 1384 6
218 536 7
754 915 1
667 1336 5
765 1026 7
400 1369 4
494 1341 7
7 100 7640
782 1134 7
633 774 7
524 655 10
841 1828 2
926 1643 9
921 1316 7
525 622 10
9 98 8603
701 1558 7
647 1336 5
8 977 5
146 387 3
442 1274 1
551 1501 9
977 1291 6
952 1838 7
787 1216 9
7 95 6781
606 846 2
538 638 6
188 580 2
978 1306 6
899 1683 9
450 509 2
851 1639 9
8 98 7495
195 656 2
940 1598 5
886 1410 5
768 1179 6
127 1076 9
911 1335 1
774 1383 4
308 527 2
10 97 8274
778 957 2
524 1476 2
811 1605 3
840 1419 9
311 1171 6
357 1354 6
413 1052 7
865 1552 5
462 882 3
861 1224 7
8 87 6789
643 940 4
895 1327 6
550 1047 8
982 1305 6
320 1055 6
319 1070 4
406 993 6
827 939 1
3 94 8352
6111 10000 40
6572 10000 17
6646 10000 34
9 90 7975
168 995 4
397 1021 1
907 1856 1
251 1201 3
696 1365 9
137 645 8
140 464 6
445 907 5
805 1765 5
8 88 7184
2017 4480 17
1723 2901 9
1750 2625 11
3259 4957 21
1103 4206 12
2294 4177 13
922 3392 8
709 1928 16
9 88 9182
930 1328 5
200 347 1
918 1257 2
598 1352 2
511 1014 8
445 1440 7
49 733 8
955 1740 8
363 743 4
10 100 10000
12 89 20
550 739 5
197 583 1
342 825 18
376 713 13
428 974 2
184 671 9
158 501 6
31 70 20
451 644 17
4 84 9157
6147 10000 49
5767 10000 33
5613 10000 65
6376 10000 18
8 86 7923
705 1360 4
987 1530 5
871 1812 5
230 683 4
675 922 6
670 884 4
605 1121 8
185 826 5
7 91 7958
584 1444 9
893 1308 3
440 1304 5
673 1228 2
991 1896 8
474 793 7
55 345 7
10 85 6816
375 884 3
656 1277 5
743 1472 1
377 596 4
690 1270 5
722 919 2
75 808 4
777 1746 6
548 1287 5
167 733 7
10 83 6914
588 1288 7
576 717 1
825 843 5
699 736 8
570 1015 1
162 1092 2
313 701 3
762 1439 1
656 1254 2
287 1034 3
9 82 9940
487 673 6
871 1143 4
274 503 9
1261 2137 19
2223 4278 12
1766 2928 2
1470 3049 18
958 1139 13
817 1641 12
7 88 9522
4765 5014 30
778 4033 25
2707 4578 6
416 2478 32
3011 7705 35
1158 3594 35
3621 8524 30
8 97 7426
761 981 8
756 1239 8
139 1131 7
362 999 7
618 988 4
185 691 6
237 755 1
770 1324 4
8 87 7178
154 688 8
462 662 2
292 608 7
8 723 5
238 798 6
250 486 5
662 1647 6
643 1593 4
1 94 8597
225 1074 8
3 11 14
1 3 4
5 5 3
2 6 5
9 84 7104
139 809 6
440 555 5
319 812 5
213 1159 6
284 1155 3
13 961 5
125 188 2
635 1609 8
699 1465 6
8 94 8718
624 1490 1
847 1699 7
900 1802 4
676 1447 6
775 949 8
544 1333 8
780 1268 5
509 1165 1
8 91 6848
632 1018 3
561 1218 2
545 1061 9
229 320 8
969 1444 1
646 1078 4
10 497 9
731 766 9
3 8 6
3 5 2
4 4 3
1 2 5
10 92 9712
825 1181 2
786 1422 6
862 1728 2
150 841 7
502 1361 4
717 1554 5
840 1038 5
220 1084 7
920 1569 2
909 1086 8
4 94 9964
2264 4402 3
192 1483 34
1281 2385 42
1391 3786 1
10 85 7126
870 1291 4
856 1814 2
879 1464 6
98 876 4
817 1582 5
328 357 1
373 664 1
38 793 2
149 360 3
790 1196 4
8 86 7721
912 1459 4
510 1189 7
293 660 8
382 1055 1
785 1429 8
13 81 4
685 1533 6
601 1296 2
10 85 8988
440 1347 1
352 1270 3
770 912 2
973 1045 7
836 1028 6
552 688 6
750 1373 3
646 1397 4
116 1030 2
25 486 5
9 91 7268
640 1442 4
838 1651 6
975 1900 7
697 1410 1
405 1041 4
76 757 7
150 1118 2
244 1023 6
925 968 6
6 85 6831
621 815 1
929 1764 1
231 1002 5
826 841 1
817 1623 8
626 1104 8
9 83 7715
245 1097 2
595 853 2
763 1199 5
877 1007 5
6 566 5
115 1053 2
521 1306 1
711 1430 7
398 889 1
7 86 8726
387 1433 3
1076 2024 9
319 1216 1
754 1210 6
589 1417 6
932 1251 4
492 645 9
6 90 6802
635 1413 7
934 1739 2
695 1508 1
620 1289 6
356 1200 6
780 1641 3
