100
458.0 1.0 1520.0
497.50276 1.36663 1971.20356
196.81818 2.94129 694.17146
490.46579 1.40369 1941.87688
490.97199 1.29858 1974.74739
496.29617 1.26395 1975.94672
153.823 3.7 1843.09059
16.0 3.3 100.8
491.58743 1.36209 1941.54760
368.00000 1.00000 402.00000
241.79160 1.64099 1964.56434
500.000 3.04219 266.541
154.00000 2.00000 308.00000
384.10446 2.06602 80.03877
496.26190 1.30730 1962.89833
67.21391 3.1835 460.511
491.17218 1.27079 1965.00979
139.92960 2.03984 1195.25221
102.0 3.0 1120.0
494.33743 1.03062 1974.26728
62.17917 1.34116 1303.22392
400.6274 1.0000 887.335
286.56016 1.63151 1011.30020
493.32367 1.08128 1903.02580
495.73468 1.09053 1949.94140
497.03277 1.27910 1988.63033
492.28259 1.17522 1995.88247
291.00000 2.00000 582.00000
273.00000 2.00000 546.00000
266.34 3.33837 1469.5629
496.42303 1.36545 1937.19024
491.95918 1.36878 1964.69332
498.66694 1.20376 1934.87018
8.0 3.0 1638.0
493.75728 1.01248 1980.74433
497.33859 1.07309 1943.71415
412.02123 2.17359 1.0
247.0 4.0 1369.0
1.0000 2.75 776.0
498.60168 1.49294 1932.88091
162.75283 3.71143 283.52394
101.0 4.0 1671.0
493.80732 1.23363 1939.30647
43.0 2.0 1394.0
498.08105 1.33590 1925.30204
494.06358 1.04792 1948.91678
469.90229 2.746 1171.0
136.65106 4.00 986.0
366.785 2.158 732.695
12.771 1.6484 2000.0000
59.0 3.0 627.0
416.00000 3.00000 443.00000
304.00000 2.00000 307.00000
492.09003 1.44688 1961.32217
398.00000 2.00000 429.00000
492.95734 1.19359 1954.31831
109.65182 3.68382 190.70188
440.0 3.1 703.2746
65.0 1.0 126.0
1.19734 3.60304 2.69757
487.01 2.0 8.4615
1.03939 3.40747 1999.41417
21.47396 1.21911 84.80125
498.70105 2.63163 1968.16711
1.06793 3.46014 1999.92952
447.76942 2.08802 1654.56151
143.54550 2.83699 837.96519
139.0 3.0 632.0
127.0 2.0 1836.0
492.86655 1.08797 1925.75847
135.63289 2.76952 167.01815
105.0 1.0 833.8269
370.36141 3.84913 281.44865
494.59681 1.31617 1992.96692
494.22026 1.00014 1993.68622
163.4288 2.1556 1814.9
432.00000 2.00000 864.00000
64.0 1.0 1625.0
442.45760 2.40486 672.67474
122.35440 1.14078 1320.10712
491.49564 1.00761 1987.81753
495.41620 1.25014 1959.31708
3.85343 3.09321 299.91649
494.86386 1.25002 1950.06683
493.51803 1.42128 1971.30698
491.83623 1.41877 1990.82569
496.02591 1.21120 1921.44165
214.0 3.5 1640.65423
429.08 2.5 957.83521
491.37011 1.44001 1960.69444
495.61326 1.47184 1929.79178
1.04314 3.22101 1999.26503
490.69732 1.16489 1989.75852
401.0 3.0 292.0
196.3 3.0 46.1663
390.53542 2.01830 512.70259
1.04088 3.82044 1999.35995
398.0 2.0 1323.0
493.58576 1.04446 1975.47611
115.25140 1.59604 1897.53241
