100
3 8
5 6 9 4 8 2 1 7
3 1
2
3 10
2 4 8 16 32 64 100 100 100 100
3 10
1 4 4 4 4 4 4 4 4 4
100 1
100
3 5
11 20 60 22 100
2 10
100 100 100 100 100 100 100 100 100 100
3 5
100 100 100 100 100
3 4
1 6 12 49
2 6
9 64 19 16 81 80
1 10
100 100 100 100 100 100 100 100 100 100
1 10
1 1 1 1 1 1 1 1 1 1
14 1
97
23 4
3 37 13 50
2 4
1 2 1 36
6 5
6 12 15 80 18
3 5
1 4 10 70 1
8 9
33 31 4 21 65 7 70 4 5
1 8
15 2 9 1 54 7 21 78
12 2
31 3
22 4
1 75 59 43
17 5
13 42 32 20 7
24 5
1 9 1 25 59
2 9
93 82 5 44 67 44 5 85 98
2 8
40 25 12 32 61 28 19 16
16 4
27 18 91 5
1 6
69 5 40 37 10 8
1 1
73
20 8
42 26 1 48 98 34 52 1
25 1
6
6 6
16 1 2 59 30 70
17 5
18 1 4 64 37
2 3
74 76 39
5 1
30
1 2
62 1
23 3
53 49 43
14 6
70 23 38 87 20 15
3 7
2 10 46 26 1 1 1
13 6
36 94 53 46 9 2
5 9
95 12 30 1 31 28 59 1 93
25 3
57 7 9
23 2
90 64
11 1
45
3 7
82 47 77 2 7 71 16
16 2
16 24
20 1
82
15 9
1 1 92 29 9 8 38 92 2
17 4
27 2 21 37
7 2
43 17
21 1
37
6 7
43 49 1 21 48 1 47
1 4
81 5 36 19
23 2
79 3
1 1
44
3 2
5 33
7 8
50 1 21 24 52 6 10 29
1 7
1 19 34 66 2 10 13
19 8
58 41 45 15 11 21 77 1
22 1
32
8 3
79 3 85
12 4
93 5 8 3
3 4
59 13 72 2
9 4
2 27 8 17
1 6
55 20 7 9 38 15
19 9
3 15 1 30 22 77 46 32 69
1 2
11 27
2 9
43 26 6 37 53 38 17 31 98
5 1
64
1 3
46 2 1
14 4
7 4 1 28
12 1
45
16 6
73 1 79 9 1 52
14 9
3 38 92 42 92 48 1 67 53
13 5
9 44 2 18 31
1 8
79 2 1 76 54 3 10 1
10 5
1 66 7 11 18
4 7
65 95 19 4 1 98 91
2 2
56 4
4 5
68 1 1 39 36
22 7
22 53 1 6 74 3 63
12 9
4 9 2 16 60 32 6 6 1
3 4
10 62 22 3
3 4
16 40 4 4
5 4
55 12 25 19
10 4
3 8 16 1
5 5
2 16 90 1 16
23 4
24 7 63 23
1 5
50 2 21 4 1
14 6
3 3 6 89 92 1
13 7
23 79 40 1 25 72 13
7 5
1 14 1 1 37
11 9
3 99 78 20 40 12 1 53 2
1 1
18
5 3
50 8 89
2 1
1
1 5
4 40 45 25 28
5 9
74 32 76 1 1 10 28 70 7
10 7
67 52 8 1 10 3 16
5 4
4 11 7 2
14 9
76 1 69 49 1 61 28 17 41
