100
2 99.9996 33.6098
99.9996 33.6098
99.9993 52.0450
2 0.0008 94.4353
99.9998 94.6682
0.0010 89.1309
2 99.9996 82.8556
99.9993 82.8556
99.9996 31.0699
2 56.0036 50.6943
10.2937 72.9466
56.8031 4.3309
2 99.9996 7.5492
99.9996 7.5400
99.9993 90.1580
2 0.0008 90.8714
0.0004 90.8714
99.9993 18.8568
2 44.0942 7.0587
93.2253 7.0587
35.0822 7.0587
2 0.0001 0.1000
0.0001 0.1002
0.0001 0.1001
2 99.9990 52.3747
99.9996 32.1347
0.0005 72.6146
2 99.9995 28.7422
80.3785 0.1692
99.9999 28.7422
2 99.9994 4.8712
0.0004 4.8723
99.9998 28.0231
2 0.0010 97.7308
99.9997 95.6828
0.0008 97.7308
2 99.9993 34.0189
66.7219 60.0758
99.9993 34.0189
2 0.0011 55.0752
0.0005 49.7720
0.0006 55.4895
2 59.1081 96.8236
85.9566 98.5488
45.9915 93.5993
2 43.9636 39.0022
0.0001 39.0022
0.0002 39.0022
2 100.0000 65.1586
0.0001 65.1587
99.9999 65.1586
2 0.0003 35.8812
85.7704 17.1632
99.9991 54.5992
2 99.9998 99.7762
0.0011 99.7762
0.0010 79.3725
2 0.0010 8.8836
0.0006 14.6295
99.9992 8.8836
2 74.3795 99.9000
28.9535 67.5549
5.6552 99.9000
2 99.9999 18.5403
0.0002 17.8867
99.9992 18.5403
2 30.0000 65.4321
0.0001 50.0000
100.0000 99.9000
2 0.0008 9.0395
99.9999 9.0395
0.0002 5.8670
2 85.5376 95.0693
16.6830 93.2317
86.6845 95.4229
2 0.0004 99.4649
99.9990 45.3593
55.9191 99.7775
2 11.7912 23.8586
100.0000 23.8586
99.9999 23.8586
2 99.9999 12.1834
99.9995 56.5247
99.9999 12.1834
2 0.0001 13.0162
99.9999 13.5699
99.9996 12.4625
2 99.9991 93.3348
100.0000 75.7808
0.0001 93.6368
2 99.9996 29.5233
99.9997 29.5233
0.0005 18.3280
2 100.0000 75.6127
70.0263 75.6127
27.0364 27.7990
2 99.9995 24.1729
99.9996 24.1479
0.0008 89.4503
2 0.0007 8.7828
0.0009 8.7719
0.0003 90.1881
2 82.6258 12.0109
0.0001 12.0109
0.0002 12.0109
1 79.6373 95.7180
50.5483 95.7177
2 0.0007 43.0919
99.9997 43.0919
99.9999 27.5045
2 0.0003 49.2111
0.0003 49.1582
99.9998 80.3736
1 10.0000 50.0000
0.2000 50.0000
2 99.9998 66.1112
0.0006 73.0174
0.0008 66.1112
1 65.9195 23.5012
54.2443 23.5012
2 75.1293 99.9000
45.3500 78.2433
39.6157 60.4929
2 0.0010 33.9543
0.0010 30.5032
99.9991 37.4053
2 99.9993 53.3064
99.9991 47.9520
99.9997 58.6608
2 99.9996 45.8981
84.1970 42.2978
99.9994 45.8981
2 99.9996 89.3915
0.0003 99.0466
0.0003 89.3915
2 0.0001 77.2831
0.0001 97.3911
0.0001 57.1751
2 0.0003 57.2785
0.0003 24.7643
0.0003 89.7927
2 100.0000 22.1551
0.0005 22.3188
99.9998 0.1050
2 99.9998 45.9233
99.9999 12.2049
64.2672 46.0564
2 0.0010 39.5221
99.9999 98.7429
55.9453 39.5221
2 99.9990 67.4013
0.0008 67.6850
0.0010 17.5369
2 0.0007 62.0028
99.9993 62.2016
99.9998 34.4611
2 68.1449 56.2981
99.9999 56.2981
100.0000 56.2981
2 100.0000 69.7004
99.4272 88.6156
87.7959 50.7852
2 8.6435 0.1000
65.1582 0.1000
42.9823 95.6888
2 0.0009 18.4750
0.0004 18.5582
0.0005 9.3279
2 0.0001 24.6259
76.2042 30.1714
15.4390 19.0804
2 0.0006 93.9362
0.0005 94.8357
0.0003 4.3700
2 99.9996 31.4896
70.4538 48.0889
0.0008 14.8902
2 99.9996 18.3509
71.2416 16.5611
99.9995 20.1406
2 0.0009 34.2991
99.9993 34.2540
47.2762 83.6243
2 99.9996 43.7522
0.0010 43.6965
0.0005 73.6372
2 99.4808 76.9326
99.9999 76.9326
100.0000 76.9326
2 0.0005 72.8728
86.0520 72.8728
99.9999 81.4450
2 99.9995 71.6620
0.0009 53.5359
99.9996 71.8253
2 25.1819 34.4991
66.6959 91.6661
15.9587 34.5001
2 0.0005 63.7722
0.0007 63.7722
0.0010 90.5405
2 99.9996 54.6784
0.0006 49.1530
0.0010 60.2039
2 99.9993 52.8833
99.9993 7.9221
99.9991 52.9775
2 34.0341 92.9567
30.5574 34.7122
65.7052 46.0956
2 29.2094 11.1909
9.1459 16.9174
2.3257 16.9174
2 35.5252 29.0175
57.5998 84.9708
85.1798 88.8735
2 41.9411 69.3276
39.1606 69.3269
32.8737 36.8591
2 99.9991 47.2959
0.0003 47.2278
0.0009 95.6559
2 0.0001 0.1001
0.0001 0.1000
0.0001 0.1003
2 0.0005 63.7311
99.9999 63.7311
99.9991 66.8859
2 100.0000 65.1587
99.9999 65.1586
0.0001 65.1587
1 66.7620 0.1000
93.2233 48.1458
2 5.0000 99.9000
30.0000 99.8999
20.0000 99.7000
2 100.0000 88.3984
99.9999 88.3984
0.0001 88.3983
2 99.9993 68.4591
0.0003 68.4591
22.0294 15.2538
2 0.0009 33.1371
0.0004 37.8993
0.0004 33.1371
2 0.0011 3.6650
99.9998 3.6606
0.0001 51.7455
2 0.0007 87.3356
0.0007 64.5685
0.0005 87.3356
2 99.9992 78.3903
0.0009 78.2955
99.9993 88.2163
2 0.0003 97.4887
100.0000 97.9521
99.9991 97.4887
2 0.0005 14.1496
0.0001 32.7915
0.0008 14.1496
2 100.0000 88.3983
0.0001 88.3983
99.9999 88.3984
2 99.9993 74.5538
99.9997 74.5531
38.2234 58.9759
2 0.0001 40.8842
0.0004 18.8968
0.0005 40.8842
2 99.9992 8.2133
0.0008 8.2133
99.9998 24.8799
2 99.9990 38.3187
99.9991 18.4071
99.9995 58.2302
2 0.0010 16.3795
0.0001 30.7050
99.9999 2.0541
2 0.0003 42.8227
0.0004 75.5585
0.0001 42.7677
2 99.9997 81.6850
0.0002 81.6850
19.2247 29.5808
2 0.0003 27.2549
99.9995 27.2549
0.0003 33.6759
2 73.1130 94.9202
0.0010 4.2208
99.9997 94.9211
2 0.0002 41.4867
99.9995 79.9095
99.9996 41.4435
2 99.9998 44.9488
0.0006 1.6677
99.9997 44.9488
