100
4 2
5 2
6 2
1000 1000
1000 1
5 1
500 116
1 1
999 128
500 255
662 496
434 370
1000 488
1000 499
999 497
999 999
926 700
641 522
1000 128
944 917
1000 511
927 748
1000 498
999 498
500 248
999 406
586 452
291 280
500 245
999 502
784 614
999 256
500 254
978 878
363 323
2 2
999 512
4 1
500 2
1000 508
465 390
999 499
500 112
1000 500
999 255
958 886
994 880
343 339
500 127
414 350
3 2
500 249
814 744
1000 512
453 449
1000 2
887 763
999 1
1000 256
500 256
999 2
835 831
757 626
387 345
652 489
500 250
417 377
595 579
601 521
924 747
500 500
999 488
676 640
1000 127
999 487
500 499
500 117
1000 255
3 1
500 1
500 142
472 453
869 835
999 127
514 404
816 732
878 829
397 304
1000 489
978 965
999 998
999 511
282 253
2 1
323 277
500 244
500 128
802 676
1000 999
1000 355
