100
4 2
5 2
6 2
1000 1000
1000 1
1000000 2
999999 128
677852 601883
775497 650312
699052 574746
922364 734332
448629 438104
999999 524288
500000 262144
4 1
500000 237856
581909 550517
500000 1
937204 712998
1000000 1000000
349570 347449
500000 237857
251649 217105
719697 675859
1000000 515542
999999 504032
844098 813098
988071 855448
1000000 499998
1 1
999999 1
500000 499999
1000000 475712
319139 305498
270220 268534
500000 2
962371 787424
999999 475711
500000 143139
500000 249999
3 1
999999 499999
693374 665814
999999 262143
500000 131072
1000000 500000
834677 724217
1000000 999999
500000 127
362640 354170
542318 484210
500000 262143
500000 131071
1000000 524287
1000000 1
999999 999998
1000000 128
999999 127
975786 755821
999999 999999
3 2
253182 193439
500000 250000
521453 407391
999999 499998
1000000 352609
1000000 475713
1000000 524288
606263 595568
1000000 499999
892290 724457
659210 580874
999999 262144
308104 307833
583427 516102
915545 731862
500000 249998
531941 489295
2 2
999999 499997
999999 2
1000000 127
484891 473155
500000 128
745453 700417
5 1
999999 475712
678793 546441
428062 422526
500000 500000
999999 524287
1000000 262143
696375 548776
1000000 262144
500000 258992
561051 524579
884021 821115
999999 400700
2 1
969884 781674
