100
5 337
281 108 107 98 284
10 393
239 301 377 354 145 217 140 193 43 174
10 38
12 21 32 35 8 5 6 4 38 15
10 291
235 235 267 284 265 216 277 223 237 228
3 244
49 196 57
6 19
18 8 15 18 10 6
1 353
238
8 236
121 144 110 232 82 223 139 124
10 501
284 80 489 43 147 59 289 140 143 52
10 132
12 20 21 11 52 107 93 101 20 49
1 609
237
8 132
12 125 32 121 9 8 101 124
10 29
15 16 22 19 6 10 3 23 9 5
8 693
590 581 398 239 252 472 300 560
7 339
158 286 141 178 232 312 133
10 304
92 185 48 184 212 256 22 282 120 119
9 492
64 275 213 82 37 417 464 463 352
9 401
312 169 273 273 169 396 204 312 312
7 194
45 65 68 143 98 138 44
4 609
198 421 512 163
10 264
103 12 210 64 249 185 162 25 213 244
9 416
266 74 294 43 216 249 240 177 20
6 298
37 40 281 259 18 262
6 411
29 359 86 359 359 100
10 565
249 333 372 399 437 116 390 427 153 327
6 310
156 216 149 103 258 112
6 460
107 132 354 329 447 14
10 128
71 108 22 26 46 52 29 2 3 83
10 700
1 1 1 1 1 1 1 1 1 1
10 11
3 2 8 2 11 4 11 2 9 3
8 232
227 230 73 69 175 47 29 170
3 399
165 276 140
6 469
71 6 398 165 463 304
10 227
130 109 33 72 155 177 50 97 194 118
7 602
459 382 483 433 601 256 415
10 281
57 232 182 230 3 229 76 212 281 14
10 285
136 115 55 51 279 224 41 70 72 252
1 393
350
3 441
410 393 255
8 358
170 172 166 288 323 269 310 130
8 134
35 79 4 93 92 61 56 65
10 624
41 91 468 360 453 323 389 225 84 339
3 239
148 215 212
3 256
229 221 218
6 569
366 288 203 281 283 286
7 246
83 122 167 46 38 211 136
10 20
8 11 7 3 3 14 9 1 7 2
6 633
357 392 285 524 565 309
5 424
194 194 8 8 7
6 595
256 79 333 339 262 516
6 623
283 57 264 283 283 264
10 205
109 53 47 38 90 161 166 115 149 95
4 419
322 325 303 365
5 435
82 82 177 177 177
6 620
299 41 321 579 505 115
10 545
134 44 538 455 538 249 154 505 235 331
3 342
248 66 325
10 300
222 95 138 154 78 275 25 205 162 146
6 267
245 131 186 257 264 185
10 616
491 217 330 335 583 64 4 441 260 217
10 392
252 218 97 310 392 129 386 296 12 184
8 434
215 203 288 288 89 9 9 288
10 82
74 42 75 11 22 6 74 24 77 52
10 66
52 57 24 45 23 19 50 40 12 49
10 228
157 91 175 59 172 27 71 67 156 68
3 659
410 256 98
9 385
129 165 188 129 336 103 165 188 188
10 142
13 15 91 51 78 95 111 107 77 21
6 671
491 565 228 261 518 519
10 343
338 32 161 244 95 65 86 305 126 276
7 656
217 217 84 627 627 468 217
9 292
203 232 16 121 285 89 257 193 192
6 596
453 460 398 448 519 479
10 649
112 17 445 548 445 243 567 122 482 288
2 351
115 308
10 12
12 8 6 5 10 10 9 2 8 4
10 133
17 54 79 30 40 103 116 93 89 44
1 315
147
8 666
626 292 375 660 374 6 40 291
6 513
466 483 179 233 218 494
6 560
208 506 379 412 247 242
9 537
228 353 276 139 308 332 215 509 77
10 366
300 188 140 199 159 210 214 185 212 330
10 239
43 183 136 163 73 218 57 89 195 228
10 237
135 112 129 13 216 60 50 59 135 114
6 668
573 621 450 667 552 598
5 351
304 295 226 306 176
7 651
399 512 364 231 600 313 386
10 193
182 17 192 69 110 90 157 168 190 155
9 373
215 31 12 12 211 211 296 211 211
10 633
209 331 596 616 589 424 56 74 55 622
6 111
60 41 70 51 5 106
4 433
214 154 75 332
10 386
121 57 20 11 298 34 127 138 4 236
4 622
540 557 211 225
10 689
211 383 670 562 365 258 275 20 173 126
10 1
1 1 1 1 1 1 1 1 1 1
5 416
181 318 144 193 377
10 362
115 292 32 20 141 268 304 40 197 178
8 371
309 309 318 288 322 318 318 318
