100
9
7661 1895 3268 2388 198 1363 136 180 4342
10
822270610 31553065 857036860 839369877 509721865 147062113 934312432 107712117 663640942 471082118
10
877 762 697 278 43 269 340 754 855 995
10
9510 2677 3559 5507 4495 5221 5261 7946 6644 6916
9
909 658 584 299 134 163 519 635 721
8
9699 1302 4714 1776 7484 6705 6861 5396
10
831800376 943720923 948688458 647750784 890763058 881643329 644948593 609206518 938925798 639713521
8
129424113 536819975 761709134 857470472 145096969 643398226 401658380 483931759
10
709 555 482 414 16 29 481 495 676 903
10
6205 2730 6904 6714 4184 3710 5325 1512 8182 8638
1
139945489
3
711958602 58891731 28280053
4
3927206 8962208 7093957 4518707
8
5857 1203 4892 138 357 3439 7639 5441
8
4380 634 4374 2619 265 3660 498 3007
7
964 877 806 391 608 829 923
10
940 543 431 271 120 204 336 533 748 984
10
778 684 573 212 96 123 416 601 702 879
6
875 620 392 450 724 980
10
9573 2774 2173 4537 9715 5279 5349 4268 8052 2734
10
762 688 492 364 74 194 398 685 715 959
9
8070 691 44 2239 1775 2305 724 5075 4119
4
285 3 100 474
3
961 712 607
10
764751862 168085388 72701675 734635773 535169734 744076498 623423260 503057987 304482511 393129453
6
63376055 505638988 350332921 828229248 475544825 145462089
9
589706485 238323807 944396052 876579740 237715494 112623065 511462365 199740763 378135103
4
165 290 546 422
10
943062584 430287325 242559821 70068529 732173369 769516242 425259413 796248922 664286116 524227594
10
3644 6159 3916 6345 9340 1405 8993 825 4787 9821
9
8679 1986 9722 4529 5690 308 7002 40 279
10
648 483 199 93 34 82 99 480 609 936
5
1 8 10 3 7
8
564729956 875846535 848300032 300815462 302498095 236253076 464047584 977597475
10
4733 3919 5001 5346 2456 3486 1703 4567 1893 8491
5
547748967 30042555 575847806 401932558 229137914
8
8175 116 736 1551 9032 5471 2889 115
5
930 612 302 444 910
5
609742676 592007292 259835044 185775536 790336193
10
5551 5226 3805 6986 2448 123 5293 1630 89 9714
10
9510 966 2792 2254 9387 6921 2387 6063 9310 7178
4
882 130 148 925
10
938 610 463 409 144 242 412 569 821 983
4
384361160 492871027 608828629 48207828
10
15 892 705 649 409 336 324 179 105 61
6
264 649 644 352 336 283
8
8060 1691 3937 3938 6304 6874 8359 4615
6
172 321 324 385 561 660
9
210411929 665493182 806747186 702570614 772028212 823919920 520210334 91956546 994640515
9
8550532 8140214 960059 1046751 8065113 5279637 2854342 2502154 4819585
10
1467 3490 3069 6405 8527 5641 976 3755 5591 8281
10
968760930 501940920 91252877 678679344 95662607 818702740 478795819 155294612 173124261 349477870
8
68 142 186 203 637 458 309 206
10
7788 177 3233 1108 5637 9366 6564 6729 3834 240
10
665 472 434 254 50 247 338 467 474 685
4
40330472 682843532 150834736 893461169
6
688123045 481662055 518514023 884750174 316864663 953156550
10
8072822 581725865 733975242 997488911 384420327 685453855 154003606 803531572 863594731 937289645
9
984 927 356 274 147 267 295 833 949
8
7724 278 290 2951 4949 8981 4630 5513
8
3002063 444880 7128704 265855 8033601 7221747 2029861 7842987
10
834 612 337 214 4 85 227 530 686 861
4
897 118 204 950
7
567893468 765961354 918451909 85635671 739453816 351936226 169649994
8
629 569 429 234 345 531 612 646
5
247887149 549621978 794726087 503890018 601975500
8
2966050 2197490 4802382 1092948 9372978 514669 7334454 8836701
10
234162813 10590847 66971466 752674849 660568688 528787141 550971601 681575494 858903477 97996235
8
7042 6213 624 5959 990 6520 1110 5583
10
753 688 365 121 71 76 296 533 716 945
6
335721931 474995904 533721258 74956590 950618942 966823320
10
7388110 1247591 7127267 5767650 4461351 5729417 6578408 2875932 4616267 9172892
8
642 553 207 14 166 438 628 945
10
6659 9091 7253 6418 8063 2791 2327 1220 835 9728
3
1 2 3
9
944 710 588 308 163 176 581 666 889
10
865653343 641938381 226772153 985398998 326332346 719838103 402470193 93872407 325030046 451547524
8
1505 3010 3261 4966 4083 5421 713 8798
8
8683643 1593043 4331313 5743683 3132083 4723306 5388513 4817875
10
495559612 797080295 619297435 537443633 62363946 867106739 89660590 194632568 628404201 337348072
5
78 166 725 722 371
8
317 813 751 727 641 624 577 475
10
189958681 165435049 70596643 723606139 695040150 172958819 695247459 397699560 633675819 663551066
10
386333159 331173576 927872328 333256980 477291499 162517121 216459075 335841278 911717019 15297891
7
131366737 345611361 559326073 997230263 615014673 147831874 632176877
8
749911183 853269273 220213223 889963334 77327496 590070396 810241260 239697868
10
9697 6225 583 1660 420 6786 5616 425 5763 5311
10
9205 7821 817 7411 1976 7427 8781 1895 4802 8645
7
306362308 25459142 158061509 937434702 374338237 136706060 639917653
6
597804878 502442774 417601903 661734978 297595169 488574943
10
253791342 565668337 612359925 229431540 867226052 213665857 940142694 514204544 353933387 173618533
10
8179 7788 361 1151 98 7142 9674 9429 5933 5243
10
6507 7405 7350 1712 3514 3493 1927 1184 1654 8087
7
77 182 247 539 808 711 703
8
3548 2237 7707 3166 40 857 391 4324
10
6820 285 6717 5438 1163 1116 855 76 6816 7499
10
3929 4703 8954 2583 1408 1018 4482 74 268 5164
10
478 2255 220 2711 6072 3124 9266 4902 1659 8523
8
1234 6207 4338 7709 3839 2909 521 8486
8
532 315 239 55 234 307 376 933
