100
4 3 12
3 2 1
1 5 2
8 1 1
3 2 30
1 2 27
3 2 1
4 1 11
2 1 2
4 1 5
8 2 2
5 10 5000
14 27 31
27 11 44
30 8 20
2000 4000 3
16 16 1096
8 10 10
10 10 10
32 15 5
28 14 224
254 148 4
407 15 71
592 8 2
594 6 6
601 5 6
616 9 277
909 7 6
961 14 1
958 114 2
1075 9 1
1083 14 13
4 118 563
106 81 97
133 79 10
143 107 15
9 11 48
2 10 4
9 8 1
2 14 2
9 10 2
14 13 2
18 4 3
34 3 5
13 7 6
9 6 766
1 7 21
319 5 2
217 25 16
227 42 2
346 3 91
523 6 166
758 6 2
762 2 4
13 26 1390
18 18 5
11 12 108
108 72 3
84 29 2
179 25 2
229 2 84
296 152 27
571 12 4
575 19 12
413 26 9
332 28 10
629 20 15
8 24 723
6 20 27
311 18 5
64 4 7
310 21 105
416 274 22
712 19 3
491 15 7
14 3 1186
123 5 2
126 2 81
204 14 2
220 3 1
69 1 1
108 2 120
341 343 1
589 2 1
303 4 2
542 3 127
580 235 1
1051 2 128
1184 3 2
4 63 321
59 12 1
50 206 22
287 15 34
7 33 4503
207 4 6
235 13 2
265 11 4
275 28 342
830 12 1
169 2 9
5 25 2132
17 21 20
18 23 12
58 7 1
62 3 15
9 8 445
3 6 26
23 29 2
54 2 4
34 3 155
438 3 1
439 3 1
58 2 1
64 6 3
6 8 536
7 6 44
46 96 1
83 3 38
465 5 33
529 5 7
2 83 270
237 2 78
14 16 4818
1 16 20
77 15 12
93 2 103
195 129 4
317 153 42
520 14 55
337 16 73
77 11 11
133 28 45
670 28 4
630 5 7
773 8 4
780 8 3
9 20 121
31 3 12
28 15 4
47 7 41
97 3 3
58 29 10
96 10 4
123 14 7
147 4 8
16 11 1135
6 11 88
73 16 2
111 11 13
136 3 2
17 11 6
10 8 80
227 5 11
173 59 3
295 9 49
339 33 3
378 9 7
199 30 6
201 12 4
178 6 2
426 10 11
5 64 162
29 59 1
38 50 1
41 45 30
45 34 50
8 150 2150
490 10 590
605 55 405
1385 445 20
330 75 10
1800 115 55
1595 230 30
990 55 60
8 4 536
1 5 1
3 4 1
6 4 35
243 4 94
347 3 6
476 3 40
325 21 1
11 25 727
102 5 4
106 23 51
59 22 84
181 64 8
61 30 62
634 14 2
551 5 2
458 39 31
321 39 2
721 13 6
2 117 1933
29 94 81
9 24 2802
12 24 15
834 12 9
846 6 21
1008 21 60
1572 9 18
498 72 795
2436 351 3
2058 21 9
3 33 378
181 5 15
168 45 28
5 9 486
200 5 70
360 2 15
470 4 1
472 2 6
10 38 214
36 16 8
26 19 26
79 22 10
83 22 1
88 18 3
79 61 8
155 31 2
164 4 24
173 20 21
6 50 3472
118 5 6
76 41 19
306 36 37
113 48 32
396 28 23
2 112 807
391 1 25
15 49 3521
28 35 406
266 161 7
679 28 63
770 21 7
252 56 21
700 21 168
1561 14 14
567 14 133
1806 21 28
1841 49 182
1995 63 497
3087 14 14
1876 49 63
1519 399 7
15 25 779
17 11 9
16 9 120
252 8 29
64 41 8
323 20 17
329 11 1
309 24 6
306 23 1
231 21 124
609 12 67
308 59 21
463 26 1
751 19 18
885 22 3
4 18 42
14 11 1
15 2 3
4 14 17
14 37 1107
12 34 10
9 71 2
58 30 97
288 17 70
432 26 3
254 31 10
451 24 3
335 34 290
376 116 2
615 39 9
747 41 62
474 144 26
160 9 16
12 11 586
2 10 7
9 4 114
204 8 1
207 4 2
140 7 7
187 11 1
11 10 251
132 55 27
263 34 4
574 2 2
248 8 10
16 5 34
1 5 2
1 3 1
1 6 2
3 3 1
7 4 1
12 5 2
14 5 1
16 3 2
19 4 1
21 2 2
23 4 2
25 3 2
17 2 2
29 2 1
13 6 3
8 35 899
101 3 2
9 7 250
349 442 8
350 28 3
837 19 30
499 36 2
899 20 5
16 31 1148
8 28 209
208 129 14
136 17 30
132 15 1
208 12 4
406 10 4
415 22 1
404 13 71
814 3 7
821 25 10
839 3 66
929 15 2
931 8 17
1140 5 4
1147 28 1
13 41 1175
29 39 141
70 42 109
315 11 82
261 123 17
527 14 1
528 34 259
872 29 55
688 31 1
938 13 21
1031 32 4
643 24 94
211 41 1
14 24 1802
4 24 180
230 16 2
144 22 6
238 24 244
922 16 16
998 14 8
530 6 10
1022 24 42
1042 546 114
720 80 6
662 16 20
1202 8 2
1794 18 8
15 11 658
10 12 7
8 117 13
147 4 4
176 9 19
274 8 2
233 9 31
116 13 6
417 2 3
20 9 9
435 11 2
438 3 1
446 4 6
456 6 81
149 126 5
11 39 261
20 39 26
29 25 2
58 39 13
39 47 1
44 40 16
144 35 21
167 29 8
72 31 2
64 34 9
224 16 10
11 34 4874
32 21 5
46 6 88
236 29 28
269 6 6
138 35 3
216 29 324
643 22 12
493 40 1
696 28 71
861 34 34
4 50 1521
47 47 57
98 262 24
482 21 33
15 27 3030
6 27 51
288 24 192
27 27 141
801 6 72
861 798 3
1668 15 3
1677 12 21
453 6 267
1941 189 3
2136 18 3
2142 24 318
2760 21 6
3012 6 3
3015 21 15
5 33 472
20 29 121
337 28 11
177 19 36
439 15 33
8 5 823
162 4 1
76 4 1
128 1 2
137 5 289
663 5 1
227 2 125
456 33 4
5 22 229
20 21 8
39 12 81
318 4 3
326 17 21
9 96 2268
213 15 48
174 312 207
708 6 360
1188 90 150
1467 63 21
1059 36 237
1668 342 15
2208 45 60
2 145 156
63 119 75
7 6 24
2 6 1
6 3 3
11 6 3
8 7 1
8 5 3
23 4 1
4 10 4968
5 9 174
223 2 7
231 8 1
14 15 111
3 15 1
9 13 11
23 15 7
30 11 2
34 7 3
10 5 9
53 3 13
6 3 2
68 4 1
40 10 2
80 13 8
91 8 1
85 3 14
5 54 4470
169 2 4
81 28 201
397 41 12
99 41 25
2 133 2303
89 48 98
14 16 578
12 14 38
34 174 2
220 16 2
224 16 62
164 118 14
416 14 12
482 16 4
34 4 46
618 12 134
634 34 2
174 12 4
650 16 10
792 4 10
3 57 4670
45 16 26
85 23 1
7 16 4221
23 2 142
161 92 11
264 4 204
610 16 147
541 71 1
826 9 5
14 5 677
39 4 1
42 4 1
43 5 14
131 2 1
132 5 149
282 2 4
288 2 3
105 2 62
418 2 1
374 2 169
288 50 3
377 5 33
142 6 1
2 43 2531
5 39 14
8 5 24
3 3 1
5 5 4
9 4 1
11 4 1
13 4 2
15 2 3
3 2 2
4 63 129
26 64 1
27 30 7
2 42 62
6 590 2120
370 470 80
800 90 260
420 330 300
1460 150 240
1860 230 100
9 24 671
94 4 4
110 13 11
78 16 18
148 8 3
54 25 336
267 40 2
512 4 15
394 64 21
5 21 422
259 3 77
350 14 14
366 6 3
228 16 8
14 58 1358
16 58 54
174 6 18
166 30 80
278 14 2
282 40 224
556 38 20
528 80 4
36 8 176
750 550 86
1428 50 4
1438 20 14
288 28 44
1706 10 50
14 17 597
5 18 59
121 5 34
167 7 13
187 14 12
188 67 8
103 21 21
310 14 11
312 62 2
80 9 4
409 14 8
422 2 35
221 39 46
589 7 8
16 32 650
198 5 5
128 20 1
199 30 5
239 7 172
400 87 12
221 36 18
337 62 12
600 8 1
446 18 152
767 24 24
49 34 98
276 36 39
622 22 105
1091 25 14
1160 29 21
8 5 488
36 2 1
11 1 1
39 4 2
43 5 159
137 63 5
102 81 97
346 47 1
16 132 972
12 138 12
24 12 30
18 54 30
102 66 66
222 48 24
120 24 12
156 168 12
102 48 90
300 162 48
222 84 30
606 114 30
648 24 18
708 84 48
642 120 30
432 96 102
4 912 1710
342 912 228
114 456 114
342 342 570
3 128 582
283 3 68
250 139 76
2 232 2509
128 169 29
3 91 541
42 80 244
285 335 47
2 143 2533
90 108 120
2 126 3950
848 4 65
7 37 623
121 4 130
276 3 4
87 54 104
105 35 28
449 14 275
92 3 8
16 60 4135
25 40 5
10 35 535
665 25 5
670 50 5
720 40 610
1715 60 5
1735 40 15
1755 40 25
1010 710 5
2435 60 55
1510 935 20
3435 25 355
3830 35 235
4085 45 20
4130 10 5
14 5 852
4 3 2
2 5 5
161 5 1
163 3 1
165 4 340
533 5 2
455 4 141
764 2 4
841 4 1
843 5 1
808 4 4
788 4 2
695 4 1
12 19 670
14 18 1
7 22 38
54 122 2
186 5 1
138 19 2
36 21 3
117 15 13
145 10 8
119 17 3
241 9 159
393 264 13
12 15 463
5 13 7
16 6 143
180 4 13
191 29 5
336 10 6
77 6 6
355 4 1
316 13 3
437 9 1
334 13 8
448 15 9
8 18 468
6 14 5
6 5 196
204 119 2
169 12 120
456 13 5
197 12 1
462 9 7
5 81 767
225 2 6
235 18 208
428 270 2
354 93 41
14 31 244
14 24 11
32 5 21
22 34 23
82 19 18
100 16 2
28 19 11
120 3 16
145 28 11
172 25 5
106 28 1
47 29 14
208 18 10
119 25 1
11 26 897
21 13 15
25 15 4
90 15 11
300 5 56
264 36 1
374 4 86
370 26 1
489 11 2
493 16 259
884 10 13
11 14 801
76 3 4
83 10 101
182 169 1
256 12 5
189 13 1
43 3 41
507 4 16
81 39 165
791 13 1
793 13 8
3 40 1685
175 3 1
184 27 40
5 37 4429
13 28 113
106 123 5
242 37 212
472 23 5
14 243 1305
81 171 9
45 45 144
234 117 36
90 180 27
108 198 45
153 207 9
315 63 90
495 180 72
702 162 9
603 153 18
378 9 27
306 252 18
927 198 189
9 130 4465
45 90 15
135 115 1445
1645 35 505
2270 115 10
1880 135 15
2340 105 80
2445 75 185
4425 55 40
16 104 3776
88 64 288
416 80 24
376 64 16
480 80 24
552 72 32
296 88 16
144 104 80
792 24 40
840 56 40
912 96 832
2704 32 56
2992 104 8
2296 64 40
3696 80 16
2048 56 48
13 28 166
20 24 9
1 37 4
50 4 1
23 29 10
67 8 6
56 9 7
36 25 3
90 15 2
92 11 6
111 9 1
78 18 12
84 13 26
10 33 955
21 13 49
46 256 20
170 19 57
365 92 27
536 2 60
777 5 34
846 16 1
857 12 16
878 19 20
6 66 678
18 56 78
197 16 19
223 23 32
255 41 69
623 32 55
4 27 46
8 25 18
27 12 5
9 31 4
15 8 70
7 9 2
1 9 2
5 8 4
17 4 3
22 8 2
25 3 1
8 8 3
37 5 5
26 2 1
45 4 2
47 4 3
25 4 3
9 8 1
50 10 3
14 12 587
4 12 47
47 22 1
74 9 47
118 82 1
112 9 9
199 18 61
46 32 10
324 12 96
447 7 17
291 4 49
359 12 4
250 15 1
537 11 6
16 160 4208
80 160 256
176 264 408
720 264 88
320 80 264
1024 336 8
1200 104 32
1752 16 840
920 216 544
3288 112 128
3088 48 312
3744 112 16
856 56 88
2056 168 136
2520 688 48
4088 480 16
11 20 969
192 4 3
204 20 4
213 12 23
246 15 70
262 45 3
367 19 36
723 19 3
687 25 127
954 15 1
956 17 13
