100
1 4 2
1 7 7
2 5 1
1 14 9
20 10 10
13 16 3
5 15 7
9 8 7
19 16 13
6 4 3
1 7 5
1 7 2
14 2 2
7 11 3
8 13 11
13 11 4
20 1 1
10 20 10
20 20 20
16 11 4
19 6 1
7 16 11
1 20 10
20 13 10
10 20 1
12 4 4
4 13 6
20 20 10
9 15 4
2 5 3
2 6 6
1 20 1
20 16 7
1 6 1
1 6 6
14 12 7
12 10 5
14 9 5
5 1 1
7 4 1
19 17 1
12 19 6
4 15 4
2 8 4
20 20 1
18 5 5
1 6 5
18 4 1
1 7 7
16 18 10
2 12 9
5 20 7
10 20 20
5 8 5
16 11 9
5 19 5
5 4 3
20 10 1
11 6 6
17 11 11
19 7 1
16 8 3
13 5 2
5 14 1
12 17 4
1 7 4
1 6 4
18 7 2
11 18 5
17 1 1
18 3 3
1 7 3
1 7 1
19 19 11
1 6 2
14 16 16
20 9 9
16 19 19
5 4 2
2 17 10
20 9 4
1 20 20
17 14 6
6 16 10
3 3 2
11 3 3
2 1 1
1 6 3
8 10 4
1 7 6
13 13 6
9 1 1
15 18 7
7 1 1
9 5 4
9 5 1
2 9 7
12 14 3
1 5 3
10 8 2
