100
1 2 29
23 25
1 2 12
3 6
1 3 26
5 7 14
1 3 25
3 7 15
1 3 11
1 4 10
1 1 5
5
1 3 20
9 11 16
1 3 24
12 23 24
1 3 20
4 6 13
1 1 1
1
1 1 5
5
1 1 1
1
1 2 14
2 5
1 3 15
9 14 15
1 2 7
4 7
1 2 11
5 11
1 3 23
4 8 13
1 3 6
1 2 5
1 2 12
3 8
1 1 25
22
1 4 26
2 5 9 18
1 1 3
1
1 1 29
29
1 2 29
19 28
1 1 20
20
1 1 25
21
1 2 27
3 7
1 2 26
4 5
1 4 27
3 4 21 23
1 1 7
6
1 1 25
23
1 3 30
4 7 15
1 3 9
7 8 9
1 4 24
1 4 8 18
1 2 23
19 23
1 4 18
9 10 17 18
1 1 3
3
1 1 30
1
1 4 20
3 4 11 20
1 5 25
4 17 22 23 25
1 3 11
6 7 8
1 4 27
3 6 10 21
1 2 29
12 20
1 2 20
2 4
1 2 3
1 3
1 2 21
2 7
1 2 24
13 22
1 2 20
13 19
1 3 17
2 5 12
1 1 2
1
1 3 7
1 2 7
1 2 18
4 9
1 1 25
3
1 1 22
3
1 1 1
1
1 4 10
6 8 9 10
1 1 28
15
1 1 5
5
1 3 17
2 4 8
1 2 15
4 8
1 2 26
22 24
1 5 5
1 2 3 4 5
1 5 30
1 2 4 8 15
1 3 20
18 19 20
1 1 5
2
1 1 7
1
1 3 20
10 13 20
1 3 27
4 9 14
1 3 10
2 9 10
1 1 30
11
1 2 3
1 2
1 2 21
3 7
1 1 28
17
1 4 16
1 2 4 8
1 1 8
4
1 4 25
1 6 8 17
1 2 11
2 5
1 2 18
1 5
1 1 1
1
1 3 20
2 6 10
1 4 22
3 4 8 18
1 1 7
5
1 4 27
9 20 23 25
1 3 22
5 9 16
1 4 28
14 17 18 23
1 1 20
7
1 1 30
30
1 2 23
20 23
1 2 24
1 4
1 2 27
13 24
1 4 30
4 5 11 22
1 3 21
11 20 21
1 2 26
5 12
1 3 5
3 4 5
1 2 10
2 5
1 1 26
26
1 5 20
5 12 16 17 18
1 2 8
5 8
1 2 12
11 12
1 5 16
1 2 4 8 16
