99
6 2 0 2 0 2 0
3 1 0 2 0 0 0
5 1 0 1 0 3 0
569 393 0 150 0 26 0
644 215 0 121 0 308 0
999 499 0 499 0 1 0
3 2 0 1 0 0 0
999 0 0 500 0 499 0
259 2 0 5 0 252 0
785 262 0 336 0 187 0
978 401 0 354 0 223 0
6 1 0 3 0 2 0
681 333 0 334 0 14 0
1000 250 0 500 0 250 0
957 29 0 462 0 466 0
900 406 0 46 0 448 0
247 7 0 93 0 147 0
1000 499 0 1 0 500 0
784 360 0 160 0 264 0
125 49 0 46 0 30 0
880 464 0 91 0 325 0
5 2 0 3 0 0 0
987 202 0 320 0 465 0
999 250 0 250 0 499 0
956 457 0 73 0 426 0
899 389 0 392 0 118 0
4 2 0 2 0 0 0
4 1 0 1 0 2 0
349 83 0 94 0 172 0
57 2 0 28 0 27 0
81 36 0 35 0 10 0
173 60 0 48 0 65 0
13 3 0 6 0 4 0
682 189 0 186 0 307 0
7 3 0 2 0 2 0
47 10 0 16 0 21 0
706 337 0 177 0 192 0
708 210 0 321 0 177 0
551 200 0 147 0 204 0
570 447 0 80 0 43 0
944 278 0 300 0 366 0
113 45 0 27 0 41 0
3 1 0 1 0 1 0
328 62 0 139 0 127 0
249 118 0 38 0 93 0
3 3 0 0 0 0 0
5 2 0 2 0 1 0
243 35 0 29 0 179 0
146 45 0 41 0 60 0
872 66 0 418 0 388 0
4 3 0 1 0 0 0
212 96 0 45 0 71 0
206 78 0 61 0 67 0
371 139 0 150 0 82 0
879 118 0 421 0 340 0
419 83 0 190 0 146 0
722 342 0 305 0 75 0
893 276 0 347 0 270 0
449 185 0 127 0 137 0
1000 333 0 333 0 334 0
999 333 0 333 0 333 0
456 94 0 165 0 197 0
999 249 0 500 0 250 0
110 18 0 45 0 47 0
915 285 0 338 0 292 0
410 181 0 31 0 198 0
1000 500 0 500 0 0 0
6 3 0 0 0 3 0
663 286 0 166 0 211 0
650 215 0 219 0 216 0
1000 0 0 499 0 501 0
855 116 0 406 0 333 0
128 64 0 27 0 37 0
698 39 0 24 0 635 0
264 92 0 58 0 114 0
43 21 0 2 0 20 0
344 167 0 121 0 56 0
657 276 0 327 0 54 0
4 2 0 1 0 1 0
929 435 0 168 0 326 0
470 257 0 78 0 135 0
766 341 0 352 0 73 0
882 342 0 319 0 221 0
225 99 0 78 0 48 0
826 240 0 297 0 289 0
121 44 0 33 0 44 0
244 115 0 89 0 40 0
265 87 0 74 0 104 0
74 35 0 26 0 13 0
105 41 0 36 0 28 0
368 151 0 81 0 136 0
591 244 0 69 0 278 0
738 181 0 297 0 260 0
691 344 0 84 0 263 0
4 1 0 2 0 1 0
256 4 0 247 0 5 0
805 390 0 368 0 47 0
343 143 0 7 0 193 0
183 19 0 88 0 76 0
