99
6 2 0 2 0 2 0
3 1 0 2 0 0 0
158 17 0 79 0 62 0
118 47 0 52 0 19 0
873 249 0 274 0 350 0
178 2 0 0 0 176 0
163 78 0 19 0 66 0
17 8 0 1 0 8 0
686 325 0 185 0 176 0
931 303 0 253 0 375 0
840 328 0 298 0 214 0
999 250 0 249 0 500 0
202 73 0 50 0 79 0
933 400 0 368 0 165 0
485 178 0 201 0 106 0
174 59 0 71 0 44 0
356 71 0 165 0 120 0
72 24 0 16 0 32 0
406 95 0 144 0 167 0
740 152 0 277 0 311 0
824 198 0 329 0 297 0
999 250 0 499 0 250 0
999 499 0 1 0 499 0
1000 500 0 250 0 250 0
3 1 0 0 0 2 0
62 26 0 20 0 16 0
935 335 0 146 0 454 0
6 3 0 3 0 0 0
617 411 0 14 0 192 0
5 1 0 2 0 2 0
1000 333 0 334 0 333 0
199 96 0 59 0 44 0
4 0 0 3 0 1 0
1000 0 0 500 0 500 0
755 124 0 256 0 375 0
138 48 0 82 0 8 0
554 227 0 58 0 269 0
893 415 0 115 0 363 0
501 177 0 102 0 222 0
808 319 0 120 0 369 0
842 280 0 421 0 141 0
3 0 0 0 0 3 0
859 362 0 332 0 165 0
162 37 0 52 0 73 0
246 6 0 126 0 114 0
3 1 0 1 0 1 0
251 53 0 165 0 33 0
999 333 0 333 0 333 0
4 1 0 2 0 1 0
635 250 0 308 0 77 0
999 500 0 0 0 499 0
314 241 0 70 0 3 0
413 179 0 66 0 168 0
983 442 0 474 0 67 0
893 287 0 245 0 361 0
987 478 0 488 0 21 0
979 130 0 483 0 366 0
398 185 0 174 0 39 0
719 222 0 146 0 351 0
293 135 0 92 0 66 0
35 8 0 11 0 16 0
829 232 0 337 0 260 0
4 2 0 0 0 2 0
739 490 0 16 0 233 0
839 296 0 342 0 201 0
440 214 0 52 0 174 0
69 22 0 16 0 31 0
959 277 0 417 0 265 0
918 255 0 257 0 406 0
796 213 0 209 0 374 0
4 1 0 1 0 2 0
148 70 0 19 0 59 0
30 11 0 9 0 10 0
668 89 0 281 0 298 0
188 79 0 36 0 73 0
59 20 0 25 0 14 0
16 4 0 9 0 3 0
318 88 0 128 0 102 0
744 354 0 128 0 262 0
4 2 0 1 0 1 0
362 141 0 80 0 141 0
826 191 0 297 0 338 0
1000 501 0 0 0 499 0
688 318 0 34 0 336 0
536 255 0 164 0 117 0
1000 1 0 500 0 499 0
227 76 0 54 0 97 0
7 2 0 3 0 2 0
566 256 0 41 0 269 0
5 3 0 0 0 2 0
862 445 0 84 0 333 0
183 74 0 72 0 37 0
878 300 0 356 0 222 0
49 32 0 8 0 9 0
15 7 0 5 0 3 0
179 61 0 79 0 39 0
5 1 0 3 0 1 0
6 1 0 2 0 3 0
815 386 0 47 0 382 0
