Case #1: 0.58333333
Case #2: 1.20000000
Case #3: 0.51000000 8.01000000 8.00000000
Case #4: 0.18571429 2.28787879 5.50000000 5.89025974 24.00000000 2.11111111 10.47359307 2.47359307 2.08333333 10.08333333 12.39898990 0.39025974 10.28787879 12.19444444 12.58470418 26.11111111 5.70454545 0.20454545
Case #5: 4.30144928 10.16706827 0.08988764 0.43373494 0.93696075 9.73333333 0.69879518 10.43212851 0.05000000 1.09961135 0.50322581 0.17088608 10.32971888 4.20000000 0.10144928 0.59638554
Case #6: 2.10000000
Case #7: 1.26029526 2.56199734 2.92040816 1.87628306 0.79633700 1.70256410 0.64497041 0.75000000 2.08717949 1.10256410 0.33333333 1.01904762 0.05714286 0.56410256 3.13342591 0.08080808 0.81632653 0.57142857 0.94633700 3.25374150 2.98469388 1.32142857 0.12121212 1.22448980 3.46675925 1.18337218 1.43984221 1.25714286 0.36285936 3.52071006 1.24489796 0.11428571 1.77311577 0.93333333 1.15384615 0.89795918 1.23465423 2.08717949 0.12142857 1.66326531 1.69230769 1.17948718 0.21301775 3.46675925 0.93877551 0.33333333 0.38461538 0.60000000 1.21538462 0.68571429 0.93333333 0.46542347 2.34897959 1.04890110 0.64491064 1.75384615 0.68571429 3.19771163 0.66428571 1.59047619 3.30769231 1.36291913 2.03589744 0.28205128 0.54240631 0.98461538 1.59047619 1.95266272 0.82445759 1.76684982 0.26035503 3.38850039 0.51428571 1.41420118 3.25374150 0.06428571 2.03589744 0.78571429 1.01904762 0.89890110 0.88205128
Case #8: 0.23178808 4.29624487 1.15384615 0.73076923 0.53315794 3.76199829 6.20144011 3.68700410 0.03389831 0.05960265 0.73972603 5.65384615 3.38563423 0.34246575 0.30136986 0.35616438 4.50000000 4.15925857 0.73287671 4.60256410 3.77569692 5.50000000 0.64854256 3.41953254 7.19543402 1.22388502 0.37671233 6.16034422 0.58795246 7.16118745 6.46255731 2.09185107 1.10850041 1.66118745 3.21344880 6.11538462 0.68963845 0.96466479 7.33926964 0.17498726 1.70228334 1.69543402 0.87671233 0.96255731 0.34717269 4.12536026 3.15384615 1.83926964 1.61538462 0.10256410 0.02824859 6.11538462 1.04580283 4.11851095 1.70144011 0.46153846 0.97151411 6.59185107 0.11538462 0.93041822 0.79037188 3.18774446 3.72809999 5.85897436 0.61538462 2.09870039 4.26234656 5.71344880 1.21344880 0.57425383 7.20228334 3.74179862 0.69863014 0.43631498 1.35897436 1.08004941 3.72090240 1.66034422 1.08689872 6.23076923 6.29037188
Case #9: 2.23199550 7.25000000 68.61421421 1.66666667 67.00000000 0.02162162 0.62619543 16.78725237 67.01834862 0.45525526 29.02162162 2.53561254 0.74095607 67.76236236 17.88981647 51.01081081 68.75956305 0.76257769 1.84330484 0.74074074 2.64102564 51.01834862 2.83212416 1.45161290 60.01834862 1.46153846 0.39790759 2.05293631 14.50000000 68.86165347 68.86492646 68.84330484 0.38709677 0.14534884 29.00000000 1.48717949 16.04651163 15.89534884 1.93548387 0.63700624 15.75000000 51.00000000 0.01081081 16.25000000 60.02162162 1.59259259 0.44444444 68.61094122 0.01834862 0.61538462 0.46606607 2.13981647 0.29651163 60.00000000 68.75629005 0.48387097 0.40871840 67.74074074 68.59259259 67.75908936 1.79487179 2.43589744 0.25806452 29.01834862 68.73794143 1.73794143 1.03725237 1.96317829 1.10256410 67.02162162 16.49095607 0.75176688
Case #10: 1.27027027 12.60715387 1.05405405 2.02702703 12.00000000 0.28831329 1.51428571 34.00000000 5.96452703 1.02857143 12.53623188 0.05333333 0.34164662 0.22857143 2.48648649 1.24596273 6.74831081 2.48648649 4.99155405 3.93750000 0.27072464 6.12668919 57.00000000 2.81081081 5.20777027 0.31884058 12.31884058 2.56756757 0.60715387 1.37500000 83.51428571 1.51428571 0.53623188 0.07092199 1.60000000 85.31428571 0.21739130 82.00000000 1.85714286 2.18918919 2.24441833 6.42398649 3.31428571 1.20000000 5.18750000
Case #11: 0.55555556 1.96296296 5.00256410 0.50256410 4.50000000 2.46552707 2.84375000 4.66666667 1.11111111
Case #12: 4.15967366 3.82777778 3.92307692 0.40909091 0.47777778 2.53846154 2.76923077 5.87762238 1.95454545 6.35540016 2.20512821 4.40085470 3.35000000
Case #13: 9.67504456 0.41414141 2.22857143 11.42020202 40.40000000 11.54373143 37.40000000 9.96565657 0.77394958 2.48571429 10.60202020 4.81481481 13.12959002 35.08823529 35.00000000 1.15151515 3.56902357 4.44444444 2.25714286 2.29812410 9.55151515 0.68571429 11.81414141 10.18787879 1.91428571 42.00606061 3.00000000 0.80924370 3.05050505 8.40000000 2.37142857 5.59595960 1.78787879 3.39393939 1.44444444 3.59932660 38.55151515 6.72352941 13.00606061 13.42020202 2.63636364 29.00000000 11.20000000 11.03636364 35.60000000 3.23232323 8.81414141 7.01414141 3.18518519 3.02020202 5.59259259 6.60000000 4.15151515 0.12352941 40.03636364 4.60606061 11.52352941 0.38383838 11.15989305 8.52352941 11.61414141 0.08823529 11.40000000
Case #14: 0.16374269 2.20833333 2.35294118 2.18918919 1.43333333 1.64352989 0.08108108 1.99015152 0.64864865 1.45945946 2.79946524 1.93181818 1.37837838 2.45434070 1.90000000 1.81081081 1.00000000 1.62837838 2.01289926 0.25000000 2.06666667 3.03378378 2.00000000 0.54166667 0.01515152 0.26515152 2.78431373 1.66666667 2.11764706 1.11764706 2.78378378 3.04893530 2.51668387 2.43918919 0.55681818 2.55098039 1.97500000 3.18431373 0.34623260 2.63333333 1.54166667 0.33108108 1.21621622 3.04946524 1.55681818 1.68181818
Case #15: 38.50000000 0.04385965 3.30769231 1.10000000 0.34269663 7.64102564 0.88764045 6.46666667 4.86666667 2.62747069 0.15730337 41.80769231 0.16080402 4.40769231 4.33333333 2.46666667 42.90769231 46.14102564
Case #16: 0.68852459 63.00000000 68.29411765 4.94736842 5.29411765 11.02745098 0.12931034 5.73333333
Case #17: 2.90476190 5.15064935 2.90476190 5.25238095 4.20476190 4.20476190 1.87142857 3.86666667 3.38095238 2.38095238 2.00000000 8.14285714 7.33333333 8.36363636 0.53333333 0.46969697 1.30000000 3.93333333 7.90476190 10.71428571 1.27272727 7.95238095 1.96666667 10.23809524 0.61904762 3.45454545 0.52725093 0.57142857 10.23809524 2.53333333 0.64705882 3.92424242 2.64705882 0.80952381 8.81818182 0.20000000 4.73333333 4.68095238 11.28571429 3.95238095 10.33333333 0.05755396 3.85064935 3.68095238 4.40303030 0.66666667 8.93506494 3.26666667 6.36363636
Case #18: 50553398.46781547 49468025.98597457 50990847.81701203 50974348.14995049 49287036.18579952 49317021.27698072 62384249.54498956 65520900.25120955 60275147.93073025 51666007.64689105 61442577.66527825 50970662.18017566 65013839.42061100 60378697.41078723 52032838.22102354 51560310.16196972 61776000.61223913 54377125.35928019 62634867.95951947 50632112.48358124 47923808.59219402 49659849.48092956 49002458.95109417 48174427.00672393 51998040.66146012 49183486.70574254 53987268.26676596 61672296.39003786 49885289.69833476 60128078.99625732 52289439.35655101 64521802.64746315 63698748.21401048 50580635.16505015 51137916.75148496 63425842.87874938 48149591.54243273 63928466.93877010 51337492.75430815 48488141.23902715 49824269.27323418 62757668.87187877 48253141.02248970 51632048.82671561 50920229.04194795 50350916.44029053 63069599.59148976 62531318.47946249 53031935.82476994 51241466.23154194 64123597.04975765 49546740.00174034 49036417.77126960 53620437.69263347 52719798.48631042 49238307.26121495 66242658.07605985 65380669.99474349 48002522.60795979 51998879.40084810 54986365.87051236 64845354.87460795 63124499.44601125 64154972.07333066 50241532.98559438 61525382.19770922 49655570.97357515 52336590.35805455 50546676.34487471 52535065.21079257 50998943.05771372 52891308.49805219 53719734.82944480 52305346.48603296 48070877.52666695 51204066.87471011 52641084.47054465 62839880.86673015 49902983.28899995 66379767.59848989 52656269.93068349 62028539.67729748 50902919.63213433 53753693.64962023 49806918.41540249 48341072.30455422 53655367.53442989 64284710.22602972 49253077.36562408 49149527.88556710 55708123.69536266 61672451.13218215 49910467.89545947 48591690.71908413 52997977.00459450 51919326.64569435 53058348.18290485 67101525.42334019 50316957.62011509 50936878.45230976
Case #19: 7.76199178 0.12562814 3.14814815 7.63636364 0.70370370 9.90909091 7.59259259 47.50000000 1.63636364 3.27377629 4.07407407 18.54545455 0.03703704 3.64000000
Case #20: 1.24000000 1.07824726 2.83223881 2.28000000 7.38745520 1.83223881 3.64602151 2.25159364 4.23043709 2.84256139 1.79223881 2.29032258 0.58441558 1.28000000 0.84000000 3.77634409 3.61111111 2.88602151 0.13380282 5.72222222 4.87096774 5.09713262 0.67043709 1.69935484 3.56000000 1.00377042 5.97713262 1.39223881 0.55223881 2.07043709 4.11223881 2.80000000 3.47043709 3.11111111 2.77419355 2.48387097 2.36602151 1.00377042 0.41935484 0.31182796 0.08602151 4.00000000 1.40000000 4.36075967 1.22580645 0.41935484 1.48602151 3.35223881 1.95223881 0.67741935 1.35960927 0.89624354 0.94444444 3.69032258 3.69713262
Case #21: 2.36000000 4.75201979 3.98283120 3.60222222 1.69799899 2.09855769 2.57252019 1.35897436 2.72222222 0.56000000 2.64705882 1.85184515 3.12419872 1.99599359 0.84210526 0.68830128 1.92307692 2.53384615 0.30769231 1.14983974 3.18090498 0.64705882 2.54014643 2.68376068 2.52305241 0.03867403 0.07291667 4.44432749 1.89342949 1.83475113 4.56552036 1.30769231 2.02564103 3.75606838 0.91867403 0.66415284 0.99599359 1.18769231 1.43189103 1.54415284 3.52586595 0.59867403 1.03384615 1.65384615 1.82051282 3.91846154 1.52705882 2.30368590 3.50877193 4.16666667 0.03846154 1.22636634 0.19252019 1.90766780 2.39867403 1.76923077 0.15384615 3.90991453 4.59817364 1.92476181 3.16666667 2.66415284 1.68090498 0.01709402 3.56432749 3.19799899 0.88000000 3.05128205 4.82493646 0.61538462 2.23076923 1.29928301 2.66666667 1.91466762 4.00877193 1.87599359 3.95713557 1.07692308 0.38060897 3.03846154 1.26060897
Case #22: 4.54605263 0.21538462 5.42105263 20.71538462 4.12500000 0.42105263 20.50000000 8.62500000 2.12500000 0.40760870 5.00000000
Case #23: 26321269.10386567 20784201.03856564 19009505.81108411 10609921.19329316 22718540.94876382 19953942.12999932 24011999.78133092 17208980.14297892 19991055.27748317 13236940.49598199 22817251.01306989 22788797.95470684 21737297.44660165 22829703.93299805 13502342.07809342 16349609.23268290 17772154.81240774 17685364.54981396 27989513.40363988 21897754.05892187 20968368.87211076 26404924.82858477 19526796.19621035 24348067.35883961 21075062.54919544 23928344.05661182 30732053.41450750 31929262.15958283 17544358.00094394 15939122.38069547 21337449.13838031 20219343.71211077 23067717.80054247 24650283.44478216 20436778.88574421 18976628.53537173 26975086.66152845 18182641.66439517 26293761.84435054 19242030.11748317 19415633.21197612 20785955.73752286 23937580.50685218 23930804.03342612 23710908.88297838 27518477.84894101 25677046.20254461 21042555.78558836 24479837.45746927 27240488.24363988 22733595.28835079 17558156.99475758 13906072.40619122 20809660.96708400 17958005.30297892 27589665.09541854 23178880.78477671 24566627.72006305 20700545.31384654 15302867.74619861 24630229.60110324 17133871.14895651 20568520.56388942 17077562.97368015 22019869.38021595 23467566.10876381 24908117.62805372 21185804.04574420 14316559.25817865 30815709.13922660 19826120.06396355 22875588.21730062 13851518.92987208 24563493.18218837 20988272.28660166 23578729.09299805 16916435.97532307 29041013.91174507 20171377.30363277 22237304.55384939 23794564.60769748 17326922.82731050 24519066.61686900 10199434.34130573 27407314.86470677 25763836.46513839 16943578.56086748 25125552.80168716 21424239.40097409 22564302.35088661 22453139.36665238 18191115.99403638 18095851.40180138 26210106.11963143 16993907.24896104 19591206.96926183 14251367.23809342 21824087.70919544 19937283.04819778 20722870.70449021
Case #24: 0.01123596 4.50000000 1.97058824 1.64705882 1.38235294 1.39358890 4.90000000 1.73529412 1.73529412 1.46666667 2.73529412 4.51123596 2.60000000 0.47058824 1.82352941 0.09333333 2.83333333 1.56000000 2.76666667 5.40000000
Case #25: 0.91666667 0.49425287 3.50291262 3.11456311 2.60000000 3.32815534 1.39473684 1.66666667 4.40000000 0.72815534 0.90291262 0.51456311 2.64864865
Case #26: 1.69412564 0.52631579 1.10000000 1.12631579 0.66666667 3.11695906 1.88947368 1.28947368 0.96296296 1.64217759 2.90643275 3.32748538 2.29412564 3.27485380 2.22222222 1.33154053 0.05776201 0.40740741 0.94668489 0.05263158 1.94142174 1.17296227 0.91048790 0.65776201 1.15776201 0.48148148 1.17826384 3.42570459 1.12101421 1.05249885 1.29629630 1.07894737 0.99473684 0.89473684 1.27890895 1.05263158 0.00581395 0.11111111 0.84210526 0.65194805 1.07368421 0.16305916 1.63636364 0.71039358 1.78352700 0.08029197 0.42105263 3.06432749 1.15194805 1.07300068 1.13157895 1.30522474 0.73684211 0.05194805 0.47368421 2.79412564 1.14814815 0.70457963 0.86842105 1.73157895 0.22627737 2.95906433 1.78934095 3.30116959 3.58359933 0.96311948 1.27272727 1.04668489 0.52563226 1.02105263 3.16890712 0.53411306 0.39473684 1.07881464 0.68421053 2.68886248 0.65263158 1.10526316 0.60000000 1.94723569 0.92239723
Case #27: 0.48466566 0.34544160 1.22115385 0.37500000 0.71794872 4.08012821 1.05714286 1.05128205 0.20915033 1.62820513 1.05347985 1.24358974 1.96474359 0.58012821 1.45902464 3.15705128 0.75641026 1.39672365 1.04876823 2.02857143 1.08974359 0.12418301 0.98646724 1.15899471 0.19607843 1.42857143 1.17142857 1.29487179 1.63141026 4.46474359 1.34544160 0.81980057 1.73005698 0.84615385 0.10185185 0.24358974 2.87500000 1.09294872 3.59294872 0.03846154 2.75000000 1.11428571 0.20512821 1.40774258 0.20261438 3.08012821 3.69480057 1.58974359 0.40774258 0.88461538 1.19159544 1.20512821 1.25641026 0.32051282 0.28205128 0.14031339 4.13141026 1.19480057 0.71428571 1.42628205 0.42236467 0.77142857 0.65705128
Case #28: 1.91944444 37.09868421 1.85000000 1.22500000 27.66666667 2.02500000 3.69444444 29.58245614 39.39436620 37.49305041 0.06578947 29.51666667 66.87510320 44.11764706 29.79166667 2.19444444 3.68000000 3.52000000 44.39436620 1.48000000 0.11764706 2.31381064 54.00000000 1.32000000 37.39436620 67.15182234 44.00000000 3.76000000 37.00000000 0.51944444 0.21633127 27.66666667 29.69166667 0.06944444 1.29444444 37.11764706 3.62500000 3.32000000 37.46015567 0.09868421 8.33333333 37.06578947 0.39436620 8.39912281 29.75745614 2.24436620 31.29166667 39.11764706 68.47510320 0.45000000 68.35745614 18.66666667 2.12500000 39.00000000 0.20000000 68.75182234 0.12500000 27.73245614 54.11764706 2.29312865 3.64000000 1.59764706 64.85010320 2.22368421 29.89035088 65.12682234 31.35745614 37.18343653 64.73245614 3.64000000 66.75745614 18.73245614
Case #29: 0.87464834 24.00000000 2.08108108 0.24324324 1.00000000 4.14695723 0.68234065 5.09266006 2.06587615 1.83783784 0.75000000 3.86486486 1.22779519 3.22779519 26.08108108 0.84848485 25.83783784 0.37931034 4.71334971 5.93074102 2.00000000 2.00000000 0.19230769 0.16216216 0.60000000 3.30887627 2.84848485 24.16216216 4.06587615 4.30887627 25.00000000 3.45000000 1.09172809 0.30303030 2.68632269 1.21739130 26.00000000 24.59459459 5.14695723 24.24324324 1.75000000 0.59459459 1.47103844 1.34459459 1.71272930 0.49533800 1.52042161 2.92956593 3.08108108 3.90371399 2.83108108 3.92956593 27.86486486 0.75000000 2.58783784
Case #30: 0.13114754 0.16393443 3.50000000 1.00768443 8.57142857 6.40607143 5.81250000 8.09989754 10.89267857 0.56864754 0.43750000 5.68750000 0.42810792 5.81864754 9.65607143 0.60143443 4.38114754 0.04000000 5.92857143 5.97643443 9.61607143 6.36607143 8.61142857 5.78571429 3.81864754 5.96857143 0.11475410 3.68750000 8.71428571 10.85267857 5.84757221 0.40625000 1.68750000 7.96875000 5.98364754 1.72750000 0.43903689 5.80757221 0.02185792 2.93750000 5.85250000 6.01643443 3.85143443 0.57018443 2.28125000 5.94364754 5.82571429 5.85143443 4.25000000 3.62500000 0.03278689 8.13268443 5.85850117 5.81850117
Case #31: 0.84615385 1.19444444 3.47222222 1.44444444 77.00000000 5.10000000 1.32142857 0.69444444 98.06535948 5.80000000 4.00000000 98.00000000 1.86111111 2.47222222 2.53333333 0.06535948
Case #32: 2.40540541 6.99873737 4.04176904 4.67567568 0.18055556 0.25000000 6.81818182 1.63636364 1.94594595 3.58230958 6.31203931
Case #33: 0.25000000 0.33333333
Case #34: 1.12500000 6.40000000 1.33333333 9.80000000 0.49655172
Case #35: 1.01688034 0.38461538 0.33076923 0.47826087 1.25000000 2.75000000 0.41688034 0.51282051 0.04347826 0.10000000 0.70869565 0.78076923 0.42500000 0.15000000 0.46153846 0.30769231 0.53418803 1.94444444 1.13043478 0.53846154 3.19444444 2.05555556 0.20000000 1.16688034 0.87500000 2.90000000 3.30555556 0.47500000 1.85000000 0.98076923 2.91666667 0.35000000 0.89188034 0.42307692 0.55000000 2.95000000 0.68369565 1.02500000 1.66666667 0.82500000 0.75000000 0.79487179 0.66666667 1.65000000 0.51282051 0.90576923 0.34188034 0.60869565 0.15384615 0.69565217 0.11111111 0.44188034 1.09188034 0.15000000 1.70000000 0.67500000 0.78260870 0.23076923 2.58333333 0.07500000 1.05576923 0.78260870 0.47500000 3.10000000 1.33333333 0.20000000 0.38076923 0.30576923 0.45000000 0.05555556 1.50000000 0.72500000
Case #36: 1.90322581 1.68571429 1.74285714 5.33126551 5.72417582 2.90322581 3.35618280 1.48571429 2.71428571 0.12500000 2.25714286 1.28571429 1.45714286 1.96313364 2.37500000 1.00000000 5.25403226 2.12500000 4.81474654 3.16346154 6.93974654 1.37500000 2.34285714 1.16666667 0.08333333 4.61290323 5.90456989 1.57142857 0.67741935 1.96908602 4.28629032 2.41666667 4.12179487 3.96153846 1.29166667 1.92857143 2.68750000 4.65384615 2.48571429 3.45295699 4.42069892 2.16129032 6.10641321 2.06451613 4.50000000 3.12179487 6.52417582 4.41474654 5.72596154 2.48521505 3.12903226 2.25000000 3.03846154 4.03846154 1.19354839 4.19489247 4.18894009 6.10046083 4.96703297 3.44700461 5.02822581 1.50000000 0.83333333 4.00000000
Case #37: 0.02013423 2.78260870 0.08108108 2.41379310
Case #38: 14938740.76937176 13980052.17431003 25488471.53348748 15895554.65446771 15921725.21095306 14733276.13175684 4944209.96517503 5516988.24446373 4141581.59401002 6571588.60362240 1948354.44899970 13558973.46949859 25872711.63220038 10221565.70159807 14716927.63738358 14476792.40557355 14087283.00861459 16567718.33409531 5471671.32497924 16541547.77760996 17708662.92360597 29210119.40010089 14117978.80160952 18185559.86695466 5397285.94136415 11708182.77278685 16927458.09338298 14517662.06456031 15322776.37517901 8406030.80596088 4562660.29882146 12668520.75972043 12987365.72997142 2295047.77019606 5543158.80094909 5818364.64617560 19792727.52461232 28564126.27695864 27553226.90552389 13334059.05116778 24215819.13762337 17525114.99598692 13230310.56619480 1873969.06538462 25702436.20881215 12882485.43504511 26056259.55981942 15691964.72681857 27542876.63100821 28747674.20457769 7150326.45860674 11782568.15640194 3048271.72764287 7807081.97018682 4856543.37349599 14592047.44817540 4283765.09420728 19976275.45223137 14502962.96205891 6551377.62283268 14690757.08089823 8379860.24947553 30168807.99516262 13633358.85311367 13904014.12628485 13204140.00970944 4215966.97762510 15968769.49832126 12129261.47759830 26907233.78238164 15868222.50140991 21231979.79958551 3708716.59861061 11915296.80227362 29393667.32771994 2534413.93635236 28511915.50058562 27359328.70338916 2955492.64116380 27145364.02806448 19391539.37738945 11395868.36385632 30352355.92278167 10642644.40640952 11494218.09746218 4882713.92998134 18369107.79457371 16528667.37237766 12912980.34635634 10295951.08521316 12631361.73042074 17526406.92915704 5315884.25626827 27328911.95568353 21048431.87196646 17500236.37267169 7124155.90212139 18135835.03003531 11568603.48107726 2608799.31996744
Case #39: 0.35869565 6.90909091 2.72721018 0.00561798 2.26315789 0.46405229 7.37314320 1.39473684 0.71052632 1.75343249
Case #40: 1.81818182 2.12121212 2.24242424 0.21052632 0.23711340 0.22222222
Case #41: 36000000000.00000000 88000000000.00000000 8000000000.00000000 33000000000.00000000 20000000000.00000000 66000000000.00000000 3000000000.00000000 82000000000.00000000 57000000000.00000000 40000000000.00000000 80000000000.00000000 6000000000.00000000 24000000000.00000000 89000000000.00000000 10000000000.00000000 4000000000.00000000 28000000000.00000000 14000000000.00000000 74000000000.00000000 75000000000.00000000 26000000000.00000000 98000000000.00000000 23000000000.00000000 18000000000.00000000 94000000000.00000000 55000000000.00000000 64000000000.00000000 78000000000.00000000 61000000000.00000000 12000000000.00000000 13000000000.00000000 91000000000.00000000 96000000000.00000000 15000000000.00000000 53000000000.00000000 59000000000.00000000 56000000000.00000000 11000000000.00000000 87000000000.00000000 90000000000.00000000 92000000000.00000000 21000000000.00000000 69000000000.00000000 54000000000.00000000 73000000000.00000000 2000000000.00000000 47000000000.00000000 70000000000.00000000 72000000000.00000000 44000000000.00000000 95000000000.00000000 52000000000.00000000 25000000000.00000000 50000000000.00000000 34000000000.00000000 62000000000.00000000 42000000000.00000000 39000000000.00000000 9000000000.00000000 77000000000.00000000 58000000000.00000000 97000000000.00000000 29000000000.00000000 71000000000.00000000 84000000000.00000000 48000000000.00000000 37000000000.00000000 49000000000.00000000 76000000000.00000000 45000000000.00000000 22000000000.00000000 93000000000.00000000 41000000000.00000000 32000000000.00000000 81000000000.00000000 51000000000.00000000 99000000000.00000000 17000000000.00000000 38000000000.00000000 16000000000.00000000 7000000000.00000000 60000000000.00000000 5000000000.00000000 83000000000.00000000 27000000000.00000000 46000000000.00000000 65000000000.00000000 68000000000.00000000 35000000000.00000000 19000000000.00000000 67000000000.00000000 85000000000.00000000 86000000000.00000000 31000000000.00000000 1000000000.00000000 79000000000.00000000 43000000000.00000000 63000000000.00000000 30000000000.00000000
Case #42: 16.70833333 9.37500000 7.33333333 16.33333333 7.77777778 1.16250000 0.97101449 15.33333333
Case #43: 2.00000000 6.57820513 5.90220386 4.35674931 0.61983471 2.08412043 0.66222222 2.86666667 2.88888889 3.12820513 2.73553719 2.51282051 3.46428571 3.80666667 5.53333333 6.83461538 3.38461538 6.78333333 2.28099174 3.16666667 5.33333333 3.20000000 5.96282051 2.73333333 0.66666667 3.22222222 3.50000000 6.47564103 1.46428571 4.95000000 3.00000000 5.16988062 1.19008264 3.25000000 4.73205128 0.50000000 2.95316804 3.62957497 2.92857143 4.79487179 2.26446281 3.02564103 0.22222222 7.99487179 5.62442608 2.65436836 5.44765840 3.72874852 0.44000000 2.33333333 4.76997245 4.49219467 7.68553719 4.07897153 4.19982290 3.33333333 2.16528926 1.60330579 0.94000000 1.28205128 2.19834711 3.36666667 3.45000000 4.48205128
Case #44: 0.12820513 2.03846154 18.78846154 1.85746606 2.28571429 1.89285714 16.75000000 1.76923077 0.08823529 1.71794872 1.88461538 0.16666667 18.55769231 1.80769231 1.48534799 3.21460892 7.95238095 0.58974359 1.78571429 7.52380952 6.16666667 18.68589744 3.12637363 0.75641026 0.34879336 2.09238311 6.91666667 16.91666667 1.86161388 1.93853695 1.93589744 9.29304029 18.04487179 0.22058824 8.05952381 7.65201465 2.07509158 0.81033183 1.12820513 0.88461538 1.34879336 0.75000000 8.45238095 1.29487179 2.02413273 1.64102564 17.63461538 1.87179487 0.93853695 9.38127559 0.71794872 1.35714286 17.50641026 18.63461538
Case #45: 12.40000000 20.90000000 15.64912281 13.00000000 16.00000000 5.89473684 21.04035088 14.35000000 3.89473684 0.33333333 15.27246377 6.25000000 2.94736842 6.67246377 9.26315789 12.47246377 3.01983219 14.42246377 14.93333333 0.14035088 4.94736842 5.24035088 15.20000000 8.75000000 5.10000000 4.58333333 6.60000000 9.75000000 15.34035088 5.63157895 10.66666667 10.24035088 10.10000000 5.50000000 7.75000000 16.96491228 7.31578947 18.47246377 20.97246377 5.17246377 10.08333333 6.74035088 8.33333333 15.07368421 18.40000000 10.75000000 14.49035088 0.07246377 17.50000000 14.33333333 18.08333333 15.00579710 8.63157895 18.54035088
Case #46: 3.48544892 1.03030303 3.33808050 1.07368421 1.00000000 0.92631579 2.41176471
Case #47: 1.00000000 1.43630527 1.27272727 0.15059098 0.20580138 0.18570088 1.28571429 0.29706330 0.11162994 0.11688312 0.15315315 0.04545455 1.31942215 3.19480519 0.33775987 2.60348162 0.07792208 0.22087676 2.64024633 1.38435722 0.18018018 0.03676471 3.18181818 0.02010050 0.11309796 0.05686521 0.25810226 2.45454545 0.18882370 1.42331825 0.03517588 0.14986266 0.14893617 0.15205900 2.61646864 0.07194059 0.01298701 0.29879883 1.30643514 1.39734423 2.46753247 0.03370787 2.65323334
Case #48: 6.79166667 7.35119048 5.26785714 3.79166667 2.45833333 9.43452381 27.62500000 21.00000000 2.91666667 1.45833333 5.62500000 1.00000000 7.01785714 3.91666667 2.79166667 23.66666667 5.45833333 0.09895833 9.62500000 6.60119048 3.54166667 24.91666667 4.00000000 3.80952381 24.79166667 7.20833333 3.20833333 6.62500000 6.91666667 22.00000000 2.66666667
Case #49: 0.55208333 0.48958333 0.36829268 0.98808435 9.00000000 1.72727273 0.00540541 0.95683435 9.70416667 7.51123596 0.92037602 2.87272727 0.65208333 0.68854167 0.50579268 0.94641768 0.60416667 4.38040541 0.39062500 0.23750000 1.02708333 0.10000000 0.70416667 2.77272727 0.26829268 0.27604167 10.02708333 0.01123596 7.50000000 0.37604167 9.10000000 0.71979167 8.87500000 0.97245935 4.37500000 0.61979167 0.90909091 0.58854167 3.47689394 2.22727273 3.14876894 0.67812500 0.13636364 1.29537602 0.92708333 0.57812500 1.73267813
Case #50: 3.11111111 3.88770053 2.37142857 4.88571429 1.70588235 2.80000000 3.89262372 2.66666667 2.18181818 5.20000000 4.42857143 0.78151261
Case #51: 0.84615385 0.90148810 1.71111111 0.87291667 0.95000000 1.12755599 1.73634720 0.35863095 1.52777778 1.82857143 0.80000000 1.46153846 0.89678676 0.47291667 1.77142857 1.41327027 1.33402778 1.20000000 1.19101753 0.85000000 0.62857143 0.50148810 0.40000000 1.36263736 0.75863095 1.68571429 1.07692308 1.97142857 0.62755599 0.75863095 0.68571429 1.41111111 0.73634720 1.56601753 1.16601753 0.57692308 0.05063291 0.55000000 1.51538462 0.07291667 1.11538462 0.90148810 1.55555556 1.42857143 1.20000000 0.80926386 0.42857143 1.80555556 1.41666667 1.42307692 1.77142857 0.28571429 1.47370983 1.26111111 0.82857143 1.28571429 1.14038462 0.86111111 1.27291667 1.42857143 0.02500000 1.27291667 1.15863095
Case #52: 0.62409812 1.93520231 1.61326109 0.83333333 1.11524501 1.58606811 1.50000000 0.71474140 2.48168215 1.27995879 0.74942792 0.96610598 2.00000000 1.61853564 2.56521739 0.40088859 1.12077295 0.01298701 4.06521739 1.41666667 1.91572179 1.93238846 0.34632035 2.50000000 0.11764706 2.24905512 1.50218101 1.62068966 0.55555556 2.62077295 1.01754386 0.48606811 0.61111111 1.61764706 0.52777778 0.08333333 2.96610598 2.94662546 0.55172414 1.00000000 1.46859903 0.49905512 1.38888889 1.40187590 0.94736842 0.94662546 1.21764706 1.53431373 1.10000000 1.87840290 1.52166153 0.89804448 0.38140807 0.83238846 2.50000000 2.06814137 2.16501548 2.06521739 0.56471115 0.18421053 1.01298701 0.03246753 1.30498347 1.06501548 0.30185759 2.93363844 0.51853564 1.79368877 0.91304348 0.33333333 1.48919400 2.91304348 1.40471869 0.36842105 0.19659443 0.47368421 2.71764706 1.59905512 0.84632035 1.51258581 1.00998185 0.56521739 1.03053087 0.93103448 1.71852425 0.07894737 1.78070175 1.90273478 1.29659443 0.93363844
Case #53: 0.01136364 2.52631579 4.37500000 4.36363636 1.75757576 0.37719298 5.74082935 4.70000000 5.00606061 2.81818182 1.12500000 1.82954545 1.00000000 4.75219298 1.26315789 4.91885965 4.90749601 5.60000000 1.27452153 1.42224880 6.21515152 4.06666667 0.33636364 2.00000000 5.96889952 1.09090909 5.81818182 1.81818182 1.86666667 1.45000000 1.16666667 1.69696970 5.72727273 5.67803030 1.20000000 5.15757576 5.09170654 4.96889952 2.63157895 4.74082935 3.67543860 0.60526316 0.15909091 0.67543860 6.09170654 4.72727273 0.93939394 1.15151515 1.04166667 3.63257576 6.15454545 6.81818182 5.06363636 1.82695375 0.32500000 5.82954545 3.50000000 3.00000000 5.89015152 2.54166667 1.76634769 6.66666667 6.87878788 2.63157895 0.72807018 2.92324561 4.73863636 6.00303030 0.48409091 2.33636364 1.78787879 1.46136364 2.32500000 0.54385965 5.87878788 0.23750000 5.66666667 1.61483254 5.36363636 0.61403509 0.29166667
Case #54: 17.91666667 8.18750000 3.91666667 2.11111111 4.87345679 2.37345679 4.33333333 8.30592105 4.70679012 3.09567901 0.38461538 5.17543860 5.02777778 5.98456790 6.43859649 1.44444444 5.34567901 2.42901235 4.46794872 7.83333333 2.36111111 0.33333333 5.70679012 0.86842105 8.27960526 8.70065789 2.80128205 2.94444444 5.37345679 0.71052632 5.00000000 0.01234568 3.52777778 3.91239316 0.84210526 5.33333333 1.26315789 19.20175439 5.04385965 5.97222222 2.61111111 19.34567901 2.08333333 9.31790123 4.18750000 4.09567901 5.59649123 6.35683761 2.00000000 20.43859649 2.41666667 5.04012346 9.54276316 3.34567901 19.33333333 1.22672065 0.66666667 5.07905983 3.04012346 6.65123457 8.04012346 2.09567901 19.04385965 18.33333333 4.69444444 3.33333333 19.17543860 0.27777778 2.55263158 5.42901235 0.66239316 4.57905983 3.88888889 5.20175439 8.19984568 2.76234568 0.67901235 2.10526316 4.19444444 5.41239316 0.78160920 4.08333333 14.00000000 4.20679012 1.71052632 6.66666667 1.39473684 8.14802632 2.46794872 7.43750000
Case #55: 2.20000000 3.53571429 1.45370370 4.04155844 1.93939394 1.02777778 2.72727273 0.78703704 1.31428571 0.19444444
Case #56: 2.50000000 1.29411765 5.29411765 6.05882353 0.70588235 0.12328767 22.75000000
Case #57: 0.17948718 4.62500000 11.90524194 3.31250000 1.38709677 8.93750000 2.25000000 10.32459677 2.96774194 2.42948718 0.26896552
Case #58: 1.57894737 34.82456140 0.75000000 0.03157895 2.05263158 35.90350877 33.66666667 0.93482456 2.96296296 0.66666667 1.75500000 33.66666667 2.28947368 1.55009747 2.23684211 1.82456140 4.00000000 2.01377193 0.67166667 1.82956140 0.75500000 2.90350877 2.77777778 33.00000000 2.25061404 0.26315789 1.37368421 1.34210526 2.55555556 29.00000000 2.14814815 33.33333333 1.25593395 1.15789474 0.00500000 2.00877193 1.51851852 2.04535088 2.04035088 27.00000000 3.11111111 0.92982456 0.09803922 2.78277778 3.03703704 2.24561404 1.75000000
Case #59: 3.11538462 2.46153846 4.80769231 2.90476190 0.80952381 4.73076923 3.03846154 2.38461538 2.02702703 0.07692308 2.40000000
Case #60: 2.22875817 6.33529412 3.85714286 1.14285714 2.14705882 2.00000000 9.68823529 5.60000000 4.03361345 4.08823529 7.74705882 3.14285714 0.73529412 0.22875817 0.17647059
Case #61: 345964.64367816 4253145.94911335 1464992.82829814 3318373.27823879 19716087.16853933 2273820.83871817 19270770.22471910 19319406.02247191 1460742.56967745 3670416.27385562 19913681.04494382 3305603.45159123 19175532.80795689 2791064.04481548 19537938.07303371 2795138.03510750 19250438.05056180 3123723.05756807 1563762.81746840 2240538.30274601 19270677.74719101 3098858.16840533 2176584.26350729 3389729.68123229 2457238.80557087 1325914.06517265 3702336.78526147 2410321.66993896 3320857.81548808 1524845.56321839 2586100.56552229 2032675.46938612 1593854.58824956 1625775.09965541 19721721.55617978 3309959.91603775 19807642.96629214 19420910.23271840 3289733.42683229 19445394.31460674 19462065.07865169 1623383.53670317 19545421.05617978 14290.88505747 19783736.30898876 2615629.51397590 1088210.32183908 2735503.05201881 19244948.26404494 19293746.75879177 19668219.97191011 2635506.79761881 19421593.85393259 19421288.18539326 19391381.28426480 19265584.96629214 3023726.80316807 19974110.95952253 19608788.00000000 19298183.74157303 3469042.02256154 19164308.05617978 2118747.46828628 3168830.24078002 4394275.62437109 19171437.60112359 19395110.06179775 2876220.44234333 19149187.65168539 19476447.26966292 2061117.18103307 19520069.78089888 19385249.42696629 19296781.78089888 19207933.11235955 3358136.54705150 3198854.42280533 19219280.82584270 19476842.27528090 19283344.88264669 3541554.51390420 19648685.75842697 2976216.69674333 19478855.97191011 19423301.79567065 19311177.13483146 19395634.70224719 19289742.79775281 3324854.01107934 19734483.66292135 19536419.34831461 860304.94252874 3297315.71005220 19510899.50561798 19402264.51123596 2618021.07692814 3699945.22230923 2317713.93876503 2088376.63089403 1703560.26572549
Case #62: 17999999982.00000000 25499999974.50000000 10499999989.50000000 17499999982.50000000 999999999.00000000 14499999985.50000000 41999999958.00000000 9499999990.50000000 1499999998.50000000 7999999992.00000000 48999999951.00000000 33499999966.50000000 12999999987.00000000 3499999996.50000000 29499999970.50000000 37999999962.00000000 11499999988.50000000 46499999953.50000000 2499999997.50000000 40499999959.50000000 29999999970.00000000 19999999980.00000000 45999999954.00000000 22999999977.00000000 13999999986.00000000 23499999976.50000000 15999999984.00000000 20499999979.50000000 35999999964.00000000 23999999976.00000000 37499999962.50000000 5499999994.50000000 499999999.50000000 6999999993.00000000 39499999960.50000000 44499999955.50000000 4499999995.50000000 18999999981.00000000 49499999950.50000000 6499999993.50000000 32999999967.00000000 7499999992.50000000 38999999961.00000000 21499999978.50000000 31499999968.50000000 48499999951.50000000 22499999977.50000000 40999999959.00000000 20999999979.00000000 24999999975.00000000 8499999991.50000000 30499999969.50000000 42999999957.00000000 47999999952.00000000 39999999960.00000000 28999999971.00000000 12499999987.50000000 35499999964.50000000 38499999961.50000000 26499999973.50000000 47499999952.50000000 24499999975.50000000 36499999963.50000000 16499999983.50000000 25999999974.00000000 9999999990.00000000 45499999954.50000000 42499999957.50000000 13499999986.50000000 30999999969.00000000 3999999996.00000000 16999999983.00000000 15499999984.50000000 41499999958.50000000 34999999965.00000000 46999999953.00000000 11999999988.00000000 5999999994.00000000 28499999971.50000000 4999999995.00000000 26999999973.00000000 8999999991.00000000 43999999956.00000000 33999999966.00000000 2999999997.00000000 10999999989.00000000 14999999985.00000000 34499999965.50000000 1999999998.00000000 18499999981.50000000 27499999972.50000000 43499999956.50000000 31999999968.00000000 27999999972.00000000 36999999963.00000000 32499999967.50000000 19499999980.50000000 44999999955.00000000 21999999978.00000000
Case #63: 0.26219512 1.22222222 0.23626374 2.79310345
Case #64: 0.14213198 3.16821894 2.66708118 7.33333333 1.34468952 9.02608696 80.79256966 9.04639153 2.49507316 3.02608696 3.24137931 0.75862069 70.00000000 4.42857143 0.67154374 2.89655172 13.02786378 0.16821894 2.76470588 79.00000000 80.26315789 2.62068966 0.48275862 0.02030457 0.69763070 3.16821894 0.94117647 83.02786378 4.80000000 1.31860257 3.61609907 0.08121827 2.20689655 2.43962848 3.14213198 7.52941176 3.00000000 2.52116011 74.42857143 2.90683786 4.34468952 9.00000000 7.00000000 2.79079284 10.79256966 2.64677661 3.00000000 0.52941176 3.04639153 1.17647059 0.10730523 4.26315789 2.81109741 4.02786378 4.05395073 1.79256966 9.00000000 3.69763070 2.35294118 1.26315789 3.10730523 6.16821894 0.63157895 10.26315789 9.63157895 0.04639153 11.43962848 9.35294118 10.42857143 0.02608696 10.00000000 80.42857143 81.43962848
Case #65: 0.33333333 0.25000000
Case #66: 3.89406593 15.63406593 8.63402062 6.55303030 0.13402062 16.60000000 1.29113924 5.30068729 2.30769231 8.50000000 0.79746835 1.15909091 0.53275480 1.02531646 15.18241758 3.16483516 7.20000000 11.50000000 0.91139241 5.16666667 16.10549451 1.63636364 2.96000000 1.58241758 3.36000000 3.52272727 15.60000000 0.93406593 1.22784810 2.70329670 13.60000000 7.90000000 2.60227273 14.53406593 4.70940523 6.43939394 0.39873418 2.50549451 5.26769231 16.28241758 1.52272727 1.74940523 2.73629335 5.66666667 0.00632911 4.54241758 1.61538462 15.34940523 15.21538462 0.37974684 14.70000000 4.91666667 6.07575758 4.57538462 8.43939394 1.68000000 0.75000000 2.45679321
Case #67: 0.26785714 4.89000000 3.52500000 5.34375000 3.09375000 3.80000000 4.09000000 4.79869253 0.09000000 9.23375000 3.18375000 5.98375000 4.68375000 2.98375000 0.59375000 2.31250000 1.70000000 3.40250000 5.43375000 3.31250000 7.34000000 6.09869253 8.43375000 2.29375000 0.11494253 1.56785714 1.50000000 1.96785714 5.48375000 1.00000000 3.09000000 4.25000000 7.20250000 8.54869253 4.34375000 6.40250000 1.89375000 1.12500000 0.55000000 0.80000000 2.00000000 4.01785714 3.20494253 1.76785714 3.00000000 1.09000000 3.11494253 4.34000000 1.14375000 1.30000000 3.75000000 4.20494253 0.39880952 1.68375000 3.89000000 7.45494253 2.89375000 3.04285714 2.77500000 8.14000000 2.09375000 3.25000000 1.59375000 1.39285714
Case #68: 1.55316358 0.32365591 1.30625000 0.77816358 0.29032258 1.15075758 7.05884956 1.15960713 12.00000000 1.10625000 1.41935484 18.25000000 2.57575758 1.98125000 6.25884956 1.45000000 7.02500000 1.02500000 0.73333333 0.24691358 1.35075758 0.33333333 19.12500000 0.60000000 0.23333333 1.74193548 1.11509956 0.57575758 0.03333333 19.70000000 1.21212121 19.02500000 7.17500000 2.00000000 0.58384956 8.25000000 0.58064516 1.35564516 6.25000000 0.29917214 2.53125000 1.57816358 0.87500000 0.56666667 1.60075758 7.05000000 1.35316358 7.13384956 8.25884956 19.05000000 0.77500000 7.00000000 1.50564516 1.37575758 1.40625000 1.45903479 0.57500000 1.65316358 19.00000000 7.03384956 7.70000000 1.36666667 16.00000000 7.70884956 0.80645161 1.55625000 7.12500000 1.80316358 1.77526882 0.00884956 2.77816358 0.80000000 0.53125000 7.00884956 19.17500000 0.92500000 1.33125000 1.22580645 1.36201314 4.00000000 7.18384956
Case #69: 4.65000000 1.50000000 2.52894737 1.57894737 1.17333333 6.24561404 10.14280702 1.13333333 7.19561404 3.45000000 0.04000000 4.66666667 0.90000000 1.23364770 2.35000000 0.62500000 6.10526316 3.06561404 0.02312139 4.43333333 1.10000000 14.42280702 3.17614035 10.77192982 2.36666667 3.71052632 1.36666667 4.90394737 8.58947368 2.37500000 3.73364770 0.95000000 5.16447368 1.00000000 9.75614035 0.02255639 6.49192982 3.95394737 1.19588972 3.00000000 3.92280702 2.91561404 1.35000000 4.00000000 3.60864770 4.07894737 2.37312139 2.50000000 3.58552632 0.06255639 2.67894737 5.40000000 6.96666667 2.78947368 6.29780702 7.45614035 8.45000000 5.87719298 0.38666667 1.96561404 9.50000000 5.28947368 1.21052632 5.02894737 5.90031437
Case #70: 17766965.77287906 7696707.29065175 20969277.97447832 22588651.47512201 18227972.21591703 12626570.25238097 24501749.05737875 32256822.05936395 24422686.16731932 25403164.68282294 17267115.62913001 12174071.54613043 25405865.07517706 20962908.05537902 29149559.27808072 32697231.24177016 10785233.58927988 3109451.46808460 1530480.53094549 19910440.62998927 590559.49328859 6646894.68590638 30482727.23202952 16166713.86255687 28709150.09567451 27666649.92944074 17326556.59047285 1117063.00503794 18923251.84208395 26323227.97038841 24840318.62174843 29613266.11347282 15262597.84475856 11689349.60707819 22452187.32311829 22913193.76615626 26490084.91560308 29610565.72111869 22011778.14071208 12629270.64473509 8636628.32830865 27100897.01245207 11725154.62693678 10682654.46070302 23553225.04876262 15703007.02716477 23459248.89114498 29168295.76073582 5067923.74876728 33160938.07716226 26786934.80578051 22062147.96337266 22794292.48935407 16855853.09380019 23641118.90051176 7658386.00623091 16284056.42423908 14833578.47313681 21413222.75875062 12343607.55647014 5594427.26051662 31214321.89313018 28536111.04799744 18230672.60827116 14307074.96138746 15886045.89852656 25882818.78798220 16164013.47020275 12170631.54356096 14238030.29184472 11686649.21472406 26784234.41342638 19345824.01046687 16214648.20374026 20093446.93682232 29578611.21423121 13396074.98185990 7131882.49448156 6569229.58002490 30019020.39663742 19383937.11823992 8710853.43162066 19040979.51143257 14220097.67852480 22915894.15851039 20726893.74107032 30480026.83967539 24942158.23978496 11817104.04472080 2169530.43042769 33158237.68480814 15688144.69199091 9742733.42304611 11225642.77168609 18514475.99968322 12165563.80934299 25620623.79704637 2056984.04269484 5629308.54236799 10106672.79784668
Case #71: 0.28839286 23.37930195 22.23059867 16.30625000 6.81818182 16.05128205 7.09090909 22.51899153 0.04878049 0.26875000 0.24375000 23.12443182 22.48806818 0.60738636 0.02500000 6.18181818 22.47021104 16.00000000 22.18181818 7.90909091 22.23310023 0.05128205 23.09943182 23.10657468 22.51184867 11.76556777 23.09090909 0.36363636 16.28839286 22.81818182 22.53684867 22.46306818 17.19748377 11.99553571 22.86946387 11.72142857 0.30625000 11.71428571 0.90909091 23.14219114 17.19034091 11.96517857 16.28125000 0.64488636 16.96037296 11.77271062 0.00714286 23.37215909 12.02053571 22.28188072 0.28125000 6.23059867 16.90909091 17.21534091 0.25089286
Case #72: 6.68932085 8.11111111 0.38023606 5.03943911 2.40650155 4.75650351 4.91866029 6.56575490 6.67755614 4.28708134 2.45689928 4.36602871 2.55263158 4.86602871 4.46049174 7.49633839 0.40223951 4.76826822 4.18181818 0.85762093 5.15124035 2.13157895 4.64470227 0.10156250 6.68932085 5.19733385 5.20909856 4.74626477 0.12356595 6.39234450 3.02631579 5.02392344 0.75235777 0.65789474 4.57229299 5.16300506 4.47129187 6.67755614 5.03568815 6.66731740 0.11180124 6.28708134 0.18421053 0.57894737 4.76076555 2.10526316 0.93286764 2.34509804 6.91739103 7.10160155 1.03813080 6.56575490 0.74860681 0.17341040 0.57894737 0.73684211 4.93417595 0.10526316 4.93042499 2.39473684 4.58405769 4.76076555 0.27497290 2.73557284 5.31066106 4.56205424 0.29697635 0.28521165 2.33333333 5.30913509 6.66731740 0.39047480 6.39234450 2.63030969 5.29889635 2.10526316 4.86602871 0.01176471 0.27867356 0.75945724 6.28708134
Case #73: 33.50000000 0.11486486 82.78888889 82.81016548 82.90460993 33.52127660 1.33333333 0.28888889 1.93333333 82.88333333 82.52127660 0.38333333 82.50000000 1.71666667 1.62222222 0.02127660
Case #74: 0.22222222 1.70885834 0.45833333 0.00515464 0.02985075 1.27777778 1.32258065 1.11626575 0.01408451 1.77777778 0.27131211 1.82171303 0.92592593 0.01388889 0.48818408 1.08540630 0.50226859 0.04393525 0.24146137 1.29547722 1.11111111 0.07142857 0.26615748 1.38709677 1.30762852 1.70370370 0.73952817 1.17091938 0.08551308 0.62962963 0.70967742 0.22737686 0.63478427 0.66666667 2.93282414 1.04614695 2.91873964 1.75207297 0.23630673 0.69651741 0.57369716 1.09949081 1.00000000 1.32171303 1.22580645 1.80762852 0.55980827 1.05555556 0.48837970 0.64867316 1.72222222 1.76615748 1.83758605 1.03225806 0.11536382 1.39314160 2.88888889 1.00515464 0.68075117 0.44444444 0.64351852 3.00425271 1.29032258 0.47429519
Case #75: 6.60651097 5.16206653 6.00000000 2.11111111 2.57894737 9.94736842 9.49539986 2.52921628 2.26086957 0.60869565 13.05263158 10.62990278 2.10526316 4.57894737 4.37500000 7.05263158 13.30263158 4.00000000 0.91304348 9.99832384 5.11111111 13.10358699 6.25000000 11.37039986 6.05095541 10.57894737 2.04347826 3.91304348 0.99304348 6.55555556 4.16206653 3.94736842 1.87500000 0.89473684 0.08000000 7.05263158 9.44444444 4.11111111 10.82894737 3.57894737 1.92595541 0.05095541 4.12500000 2.47826087 4.65894737 5.25000000
Case #76: 1.50000000
Case #77: 0.40909091 2.26515152 3.62685364 1.00000000 3.61170213 12.83333333 6.80000000 6.91290323 1.42857143 1.85714286 2.01623377 0.11290323 2.41666667 7.68085106 0.75531915 8.36170213 14.34848485 0.68085106 0.62765957 15.76515152 2.72348485 1.10226493 7.00000000 3.08766234 7.83333333 1.41666667 7.51063830 0.51063830 1.98790323 7.20212766 5.66666667 8.00000000 14.80681818 1.36170213 2.17198582 1.61879433 2.67857143 0.45833333 1.60714286 0.20212766 2.09751773 2.77836879 0.84848485 1.87500000 2.64285714 0.40880503 1.03571429 13.50000000 13.90909091 2.83638807 1.30681818 2.75576037 7.75531915 0.98936170 2.25000000 8.24213836
Case #78: 7.61704120 7.38461538 9.29704120 6.65384615 1.68000000 3.65384615 9.00000000 3.22580645 0.03370787 6.03370787 3.68755402 2.74193548 6.00000000 9.26333333 0.06363636 3.28944282 7.58333333 5.84615385
Case #79: 1.00000000 7.00729927 0.06849315 1.42857143 7.15798420 0.15068493 9.64000000 6.15068493 7.07697424 9.79697424 0.02919708 6.00000000 0.79136636 7.18617132 0.78507705 7.02919708 7.15697424 6.92000000 0.72840281 0.00729927 0.57771788 4.16666667 2.33333333 5.10141868 0.94205129 0.57142857 0.78406709 0.38095238 6.42507705 9.79068493 4.94444444 5.25777778 2.48000000 0.77777778 2.78507705 7.17988201 7.15068493 8.63068493 0.47697424 3.69777778 2.77777778 7.86444444 1.00729927 6.94444444 6.32628931 7.00000000 3.64000000 0.92000000 4.50000000 0.33333333 0.23809524 4.95073375 0.15697424 0.32628931 2.42857143 3.38095238 6.32000000 0.93475202 6.15697424 3.77777778 5.26507705 0.32000000 9.42444444 8.48000000 3.70507705 6.41777778 8.63697424 7.94444444 0.00628931 1.02919708 7.16427351 7.07068493
Case #80: 0.14893617 1.20000000 0.27450980 0.38461538 0.23076923 0.10236220 0.75274725
Case #81: 0.14219269 5.34615385 0.63132695 3.80769231 5.35294118 0.29411765 3.52941176 6.90648567 1.43589744 4.61538462 0.35897436 1.69230769 1.71794872 1.74358974 0.12790698 2.38461538 2.48717949 1.76470588 0.17918903 4.65384615 0.94871795 2.33333333 2.34615385 0.42202462 2.39890110 5.47058824 0.05128205 4.17647059 0.01428571 0.33720930 3.50000000
Case #82: 4.85000000 3.50000000 9.70000000 0.09595960 8.81818182
Case #83: 2.60526316 1.29537820 0.83146067 0.66244694 0.19852941 0.46391753 10.00000000 12.60526316 19.40000000
Case #84: 0.05882353 2.20689655 7.52036199 2.12500000 1.65625000 0.06250000 8.50000000 7.46153846 3.65625000 10.70689655 2.18382353 8.00000000
Case #85: 38755183.53673474 38978163.71210787 44888020.49539913 36392558.52929258 42146299.88435668 24912983.59197365 34126548.72647714 32610436.07372231 43460214.66981646 38284939.89125410 22714484.01567252 36099662.70505016 33186966.62326054 33892554.08502059 21991467.50755954 42031022.34873553 32531198.53619000 35488937.08078004 41834762.17139575 30071814.31425289 35115770.91353299 43942840.05574396 42206895.53317049 14443085.79904714 39233603.80256706 20475354.85480472 42689520.91909800 34609174.11240464 16805710.80648930 44981925.65900985 33599658.26077817 46895857.69839665 35265956.90540690 44405395.10947163 23088150.86389042 32270313.89055403 15996525.56328206 37615775.35780498 26521992.03411124 33754415.36470240 47894621.74079946 36478159.26783589 37756419.49433192 44033261.74769688 32238302.71194757 39646295.44008470 23746649.43425289 23130875.68648931 35971562.46670754 14634137.20897916 41147535.84195386 45950677.25874148 22055985.44531005 35116803.71900529 19164661.73553086 42124927.51234625 24999968.57089886 37979399.66970505 14150189.97480471 15666302.62755954 43088081.30804171 32903331.89796474 45037623.59413586 13118024.55622434 35100898.66264733 33479862.44750296 36065467.63031826 20196827.15411124 43196117.72022635 23967803.15231848 44449436.85687231 44697358.12209551 46949441.30114429 35748582.29133441 23353855.86186244 36255179.09246276 33385957.28389224 35393794.48688975 35842487.45494512 45696122.16449833 34893823.54363216 25945149.01055403 41548396.96280802 41176263.60103328 44038859.55173304 38657073.25302884 36617011.31540215 34703079.27601536 13410920.38046676 33093061.45964982 44036745.21935468 17028690.98186244 39139698.63895635 42783426.08270872 15773545.38790893 29413315.74389042 31325133.45089886 20768250.67904714 45394617.29652748 42537619.14986388
Case #86: 39.50000000 2.45161290 4.41935484 49.00000000 42.00000000 48.00000000 62.00000000 51.74193548 42.00000000 4.12903226 2.16129032 67.16129032 38.00000000 4.50000000 27.17266187 2.67741935 5.16129032 38.50000000 62.00000000 27.00000000 2.74193548 35.00000000 2.96774194 18.00000000 0.17266187 5.09677419 37.50000000 36.00000000
Case #87: 17.40000000 7.53571429 9.14285714 6.92857143 2.13265306 4.70000000 2.00000000 7.46428571 0.63265306 1.50000000 2.63265306 15.70000000
Case #88: 13.58895349 3.48383990 2.46245059 0.00689655 4.87500000 11.52500000 0.82608696 0.88949275 0.80813953 5.62500000 5.31250000 1.63636364 1.82608696 0.67441860 6.27604769 1.07558140 3.46245059 3.47694335 9.55900621 6.25465839 5.46245059 7.34161491 0.87500000 12.71250000 4.12500000 6.00000000 8.25465839 7.40000000 6.00689655 3.82608696 1.84747626 2.91304348 3.82608696 0.01449275 0.89638931 4.54940711 6.76679842 0.02138931 0.82558140 0.56395349 8.27500000 13.02500000 1.84057971 4.42857143 0.02325581 0.81976744 6.26915114 0.10309278 0.95348837 2.45454545 5.25465839 6.18895349 5.13043478
Case #89: 7.19480519 0.82352941 1.00000000 3.28571429 1.15151515 3.90909091 28.00000000 1.36363636 4.64935065 0.12195122 0.37349398 4.43722944
Case #90: 31.50000000 33.00000000 50.00000000 0.27710843 1.00000000
Case #91: 0.13636364 0.13636364 2.45161290 2.68181818 5.96584440 5.56417112 8.75000000 7.75000000 3.67741935 12.64919355 0.08527132 0.95454545 1.63636364 0.04545455 1.87096774 4.35294118 2.45454545 14.22983871 14.32661290 4.50000000 14.10483871 7.25000000 3.01871658 1.00000000 2.35483871 12.52419355 2.61290323 9.38636364 14.36290323 7.79545455 2.88235294 14.48790323 10.43181818 0.22580645 15.42741935 3.06451613 2.87500000 0.77419355 11.99926686 10.20454545 3.01871658 1.29032258 14.93951613 14.20161290 14.81451613 11.87500000 3.35294118 11.75000000 4.24926686 3.83689840 15.55241935 2.75000000 0.12500000 13.62096774 3.88235294
Case #92: 0.02564103 7.69176049 4.66469282 3.10023310 2.26315789 3.36842105 0.93939394 8.10526316 2.17715618 0.91428571 0.65789474 3.03612139 3.79254079 12.05641026 11.46666667 10.00000000 5.09326425 7.94062078 2.55040711 4.69033385 11.86469282 1.39706960 2.03809524 10.80000000 1.31578947 13.40754996 0.09326425 3.30769231 5.75040711 1.69230769 3.29326425 2.50000000 7.35087719 1.89326425 3.20000000 1.15151515 2.45714286 6.70985155 1.49033385 1.37142857 6.77747478 1.89510490 11.80754996 0.48484848 2.61538462 1.80000000 10.89326425 4.67912088 2.65789474 0.66666667 2.63157895 2.65789474 1.87179487 10.95040711 1.25641026 3.84210526 12.34747670 2.42105263 4.77238513 6.23612139 5.33135949 1.00754996 3.98681319 12.32183568 10.80000000 2.94285714 2.13135949 10.82564103 10.85714286 4.20754996 14.10769231 1.74125874 2.61538462 6.68421053 1.46469282 10.85714286 1.41025641 12.69326425 6.68421053 14.71428571 0.51048951
Case #93: 18.40000000 2.40000000 0.38709677 0.57055215 7.33333333
Case #94: 2.60000000
Case #95: 5.67391689 5.40000000 0.11494253 3.84210526 0.10256410 2.31578947 4.00000000 9.71428571 1.93333333 6.75897436 6.87391689 3.63157895 6.26666667 6.42564103 6.54058355 6.75714286 6.38827839 6.44468864 12.74058355 3.29047619 3.09523810 9.09523810 5.10526316 1.35714286 4.78947368 0.15897436 7.00000000 5.25779967 7.14285714 4.15897436 3.94736842 3.05263158 4.71428571 4.14285714 2.09230769 6.60000000 0.27391689 2.20725022 6.28571429 3.14285714 4.07142857 7.11494253 12.46666667 4.27391689 12.62564103 5.14285714 5.22020569 5.55897436 1.31578947
Case #96: 12.53134727 12.23076923 6.30000000 1.98807803 10.53846154 11.90000000 9.70000000 1.90000000 7.92307692 56.30057803 12.20057803 0.30057803 0.75781250 1.68750000 1.51562500 0.44531250 3.07692308 1.25000000 0.50000000 56.00000000
Case #97: 1.76766304 1.71428571 4.29304029 1.17391304 2.15018315 5.25732601 6.42857143 3.13043478 0.89843750 6.86446886 4.82142857 7.02232143 4.45089286 3.85714286 0.43589744 0.59375000 2.07235054 3.48194876 0.01149425 2.30803571 1.82875458 1.39285714
Case #98: 3.16766467 5.00000000 12.75000000 0.16766467 1.27272727 3.18181818 6.75000000 6.91766467 17.13541667 16.91666667 0.60504202 3.00000000 1.19327731 13.28571429 0.21875000 0.25210084 20.64732143 20.42857143 3.39393939 1.13445378
Case #99: 3.41176471 4.07142857 0.28571429 3.84033613 0.71428571 2.99047225 0.01694915 6.89915966 0.04929577 2.94117647 6.76470588 3.85728529 2.42857143 1.41176471 4.47058824 4.88235294 3.78571429 1.42871386 1.28571429 4.11764706 0.11640212 7.28571429
Case #100: 12283550.10501524 19948411.76192296 11854658.08553170 16628069.37670787 3142140.57754072 19444547.61526579 20878384.89103771 18510747.60955803 3177410.66017373 22960955.96033183 4939281.14474995 25647823.14506667 6402163.47714101 20488873.07438628 21450880.68324825 10070023.61227614 2744788.27091818 5674558.52709904 18322587.80370871 26999835.22906668 6004036.57390269 4282168.52739237 10502646.00153169 5873081.15045772 14399457.21610453 29630282.60186080 2455778.94684186 6252330.48720185 16681442.42921928 6533118.90058598 5846757.26988712 20678970.74721707 11422035.69627615 20517080.67754049 27730394.21436080 5070236.56819493 10160601.12001446 28899723.61656668 19115069.56846214 9514617.40502226 8808589.03601445 23879851.39743154 4988196.89640018 14928539.54278782 18588984.68688628 12585217.07082582 6834785.86639656 11597188.47431638 17210524.75590257 23297396.01823683 23641490.07708422 11552991.11972112 15747642.42351152 16351964.38241563 4611646.57419603 5950663.52139128 22416969.06504048 5264301.89069241 6305703.53971327 20222476.19120871 27547711.53256667 2189382.06366429 14346084.16359311 23021291.02394459 19391174.56275438 13553149.54967974 12152594.68157026 4383874.93749607 18596399.67792295 2875743.69436315 24993502.16108422 4558273.52168461 25724061.14637834 16316254.73572626 10866629.48902226 3443807.54335130 1483353.69465649 13819546.43285731 1749750.57783406 10200979.03572112 21121402.63644459 5140728.90087932 19973629.94194908 5543603.10365406 3011185.15409575 5976225.49290961 5371903.53400551 5317674.94320383 13465657.21039676 21979963.00993154 22230396.97503771 11271164.33656499 16582651.61890383 14069979.16930087 21397507.63073684 11537561.21974256 23350769.07074825 10891160.10530857 3677846.56848826 5819708.09794630
