100
78307 10377
36334 24873
100000 0
27658 26606
56592 15709
89016 2096
9 11
49534 27731
35323 45422
2 0
0 1
30786 7938
58124 13462
129 2358
79612 10753
92330 12
50000 50000
25112 15479
57151 38510
47377 46330
17504 21598
83969 7144
66518 11266
2979 59218
23159 46958
55074 13537
1578 63891
61202 21526
99916 10
36398 28423
16796 7892
3122 50789
5798 1788
1 0
79464 18995
22329 294
1 1
0 100000
42174 43938
72052 10364
47173 244
54984 26944
36076 1128
47909 18822
86793 3321
46643 33646
99646 298
83699 1245
42811 43947
37850 54983
42568 27009
33360 8783
26438 64983
59935 11019
91007 3993
58329 34947
16947 49031
71800 104
47072 13648
22605 76646
56284 36579
69175 26732
36392 34963
82924 3121
90962 2180
42671 35753
59418 32419
33822 62595
16065 21015
7 13
28224 53512
72332 24241
62606 31585
39253 42660
12507 13453
12737 6613
38901 1609
61140 3630
35423 14599
65616 27136
69015 10110
78898 6802
45137 1587
82070 626
90343 9233
0 2
95690 1796
41 23961
1042 98515
44435 13863
39965 44612
14983 536
87421 9005
90508 710
57092 16186
11742 19915
59679 28517
12026 36732
52509 7952
17874 43992
