100
0 595741 295 1
434163 929877 180 411
860291 196840 824 9948
922309 197709 901 9933
991804 934502 912 2811
883952 53313 154 9965
850052 123305 253 9944
321482 506526 290 9988
152852 994687 449 1792
309620 872035 830 8830
337607 728530 702 6235
164285 570480 681 9945
0 0 97 1630
80638 202240 502 9991
726087 381481 975 9913
323691 411383 871 7192
815691 350541 192 8293
548375 568542 763 6106
38267 707155 645 9911
415690 82076 304 4709
122432 629020 631 4091
803362 716454 449 9932
327455 672728 70 9997
535349 151320 267 6477
330512 150453 698 9951
803999 364038 221 7894
1230 795841 759 9952
163483 493192 991 7702
249942 447953 770 9966
809341 276051 472 9990
875747 651806 22 9910
515265 906706 418 9989
178381 227523 87 9931
335629 868726 932 7338
348065 0 889 8095
992226 693859 385 9962
918592 989111 717 9431
0 0 535 1
64256 426748 966 4630
297906 815543 220 6728
7809 609504 681 7400
877126 35017 673 9954
146885 456847 655 9902
298330 383483 595 4828
0 846011 77 2146
932688 16064 46 9939
826072 125236 527 9936
580795 0 538 1
368478 108544 186 9999
571168 146782 370 9946
741680 878660 378 3000
89834 834797 187 148
343214 496820 863 9998
668556 998578 381 7494
937992 240407 855 1437
0 0 100 199
873363 661299 219 9969
195464 673444 502 5022
333547 19902 755 9938
379078 492326 968 4262
146034 702513 354 9935
756975 825680 143 9941
902799 441973 382 214
394972 810571 892 9930
120177 242023 164 9988
778014 165824 53 7402
804203 793786 696 1063
275336 812625 50 9989
167215 78238 826 9428
220140 872972 328 9952
559638 618904 214 9688
197018 317896 816 1135
720966 956371 362 2642
285208 972485 677 5885
73862 105208 997 8682
737775 618550 445 9940
130299 842126 114 3142
308284 131061 968 792
523210 596236 378 3816
417690 533071 974 6557
175438 823501 45 8874
144020 0 153 1
711444 227140 821 5666
131233 60150 413 9943
211186 129534 92 9396
285813 996298 176 2271
176095 721675 480 9973
21876 398522 847 9960
830775 229122 225 3275
487670 892712 922 1149
0 0 1000 10000
314852 134257 448 7151
0 0 10 5
902228 947500 580 9936
100636 376775 343 9903
783660 726649 726 9931
171746 80199 786 9941
286385 489978 531 9986
888404 980214 383 9902
799365 948771 491 9976
