100
393090 457666 865 9929
581141 355994 612 9976
940311 400715 122 5113
278307 975672 882 9921
694164 989812 889 9493
52450 186752 112 9464
565975 903833 651 9991
539220 668481 216 3377
824773 694558 513 9988
822249 579424 12 9999
0 835079 906 1
281877 496885 333 2477
693631 581637 239 9996
551926 567294 100 9958
953732 78389 356 9957
304381 108103 712 154
722535 943602 206 9973
746168 755516 337 122
0 0 362 1
97829 133084 274 9401
0 0 100 199
779790 869126 48 3286
744881 163595 911 9979
5259 323412 137 5138
496 821892 307 9977
906319 18397 976 9917
936961 634205 148 2136
67295 494509 745 7567
141943 74762 217 1427
13114 791669 10 9903
516743 267779 928 8475
202131 794592 351 9942
134451 795150 304 2988
0 0 10 5
536217 896058 322 4608
234805 476652 964 9964
457099 959066 851 9920
306061 282505 42 9927
90942 0 925 7038
427410 252448 212 3789
158443 67979 420 9985
453401 143700 195 9915
512251 170538 52 9944
783770 606515 342 6314
717563 199448 108 3776
19930 403856 701 9979
236640 904296 580 6047
561297 459910 424 9984
537702 600523 581 6761
278494 857005 80 5830
0 0 1000 10000
629248 661325 896 4673
534176 626990 366 9906
923521 453705 984 8429
256100 84519 266 2988
97855 801752 887 9966
112594 233384 645 7458
455671 306910 210 9980
907543 452824 548 9985
628263 228250 845 5277
287716 214965 985 9961
609916 249659 873 4577
650534 537702 141 5259
0 408697 289 2892
778028 728568 173 9990
587164 609027 487 9982
602417 0 355 1
709783 265842 878 4591
69324 862842 756 8306
213045 499160 812 1918
273358 240219 84 9440
343843 186901 902 2417
691076 818971 468 9984
893934 354239 227 9948
566946 716883 901 9936
729061 467721 528 9974
968116 763838 365 3460
452022 443825 680 9906
304729 729788 939 5093
196123 412716 252 3989
784254 523929 194 9920
535062 0 74 1
272248 37441 32 2122
396233 116775 344 7760
0 0 625 5389
130123 250914 666 4668
23251 704911 333 9993
139729 660535 472 1129
80374 997450 266 9901
300762 62264 872 423
335998 512748 783 9910
161660 641671 360 9946
98276 88970 222 517
374367 29630 737 9903
632306 310154 42 8848
445112 860319 740 9965
607418 797339 368 9972
122325 490946 770 9967
445109 905423 877 9955
153058 679914 427 8842
