100
456141 58329 701 670
930607 171631 903 9980
169012 718130 557 7176
118726 396904 384 9961
362977 666808 978 9979
806074 22746 938 8938
895350 579243 381 958
49502 0 774 1
508662 324318 577 9990
377309 163493 447 3839
196361 527003 892 9340
227946 544844 845 9949
802530 227899 63 9946
855216 527460 953 9935
447804 269772 413 9952
748669 418914 208 1340
644022 496097 423 9261
826969 983015 142 5486
563986 0 39 1644
706783 652502 684 6594
782930 412616 324 9979
751319 598259 73 9971
0 0 392 4676
389043 682390 181 3755
69251 562883 590 9915
856206 670546 836 9902
16828 591020 444 7120
103069 250334 671 9905
365028 809730 643 979
276232 467640 801 9640
784360 134781 705 9909
518415 872820 372 9908
372061 805366 560 2774
179285 516576 510 3698
95508 113697 644 2852
886771 393214 965 9922
761110 45094 726 9920
472870 579973 370 1006
495851 813549 727 9937
264876 834562 636 9975
696504 773583 106 8076
248010 595139 900 9999
481283 394200 539 5672
292302 925095 123 9961
466801 928497 26 9980
0 710592 934 1
614994 465204 559 9957
607533 258630 692 9769
910016 900317 392 4394
142332 373966 245 9969
504718 113550 689 1405
0 0 10 5
895534 975985 328 4530
0 0 642 1
901053 186835 582 9928
47497 236696 313 7901
499153 26422 997 9996
101954 791983 248 9104
26073 927154 839 6306
0 941671 466 5960
294250 517432 57 9977
868776 490986 773 9902
397843 125306 649 3315
413497 875289 907 9931
552537 519225 221 9958
469079 197462 32 3245
903954 243653 345 9924
27443 251191 481 9984
562125 884757 310 7699
275103 222738 800 9980
609987 660747 787 9990
247047 819127 954 9903
328264 343993 581 6861
978837 233387 692 9926
331962 101879 753 9905
171393 361062 592 9994
611986 958051 822 9981
669285 149958 136 5532
632266 394137 513 244
986049 564158 178 9948
523541 995981 497 4701
0 0 1000 10000
880676 837537 824 9967
871565 747086 389 9921
43314 349334 895 5624
883668 875326 630 5529
618390 953330 652 9288
0 0 100 199
55701 55047 459 2490
794040 0 272 1
271279 810445 395 5589
711726 84092 995 1484
74857 943551 710 1413
341366 637933 203 9484
707352 195118 137 5472
441897 450565 374 5907
442537 482386 866 9983
20072 136447 245 9923
431537 857034 226 9945
377371 379519 875 9710
