100
256988 707093 332495579686488798 61716
872458 593624 626596234283658951 3683
908017 956117 848858441559583755 99963
96476 464531 804864371214773037 99947
964995 716217 278653884431077431 99926
319795 235528 586438685800306789 99988
361957 715752 90125050430647430 99974
887059 609343 849526164648281271 99902
151926 308384 836958252400937928 99952
567745 915545 239414400892792298 99963
226857 930768 485414988634132564 99956
28861 701480 75128315558681084 31621
199850 316640 67254394589819160 3417
658913 286801 389464797344481470 99974
242609 939949 136560323549033255 99998
96674 985906 886435822142284108 99972
513639 227342 784761758745822671 99923
504215 194115 273204856980167488 99904
447070 872183 849502427523946551 99976
0 0 791589364181607938 1
718627 214146 222271507088776946 99991
350053 853732 75624781024787910 56439
476459 214572 256690316195613345 99989
271149 781670 545578138021352142 98585
551164 459156 783384565918128162 56427
880756 783007 223448859928157610 99979
383985 311111 116653061409411391 99923
243727 144500 169779892083421312 99979
858991 384194 614977785774869861 93583
283507 731982 18248774778585419 38158
24008 463835 91024202789902794 99962
735243 463222 542133694207260261 80872
0 110373 231150140087643385 574
394080 571542 553686986086711558 82746
298267 245057 3603345533229027 92691
239669 69601 95185505704046548 69682
14790 907049 271945189793736670 60503
318438 954154 115591062434844580 99086
0 0 27108657242335049 71884
837303 786143 123851397686611088 99970
504398 595945 849200342508415684 47472
0 480325 284983302134483454 1
1735 85196 615026227012682352 57036
760261 428291 899546114709367984 99993
510386 677322 138424288721133216 99960
391790 848456 302961149816010480 12219
21882 945456 545562170252013225 30949
561067 819189 397500263348518906 81166
802157 814507 48785602312774680 99962
721073 49576 213016441289419469 99943
153345 0 572934151522397455 86180
186946 34733 115563536877893826 86967
296873 881206 114448417605290613 54376
510648 86098 892297068839430061 99966
566952 116689 618027386444967163 98755
48394 71334 407996346423998628 44636
864113 284085 804636771325243106 99972
884084 367434 557419552552891373 99919
781434 969800 211079954018928175 88718
308581 459711 573198604090398157 762
421443 623410 892585244847247768 87474
853168 360894 992038661316680846 99950
0 0 1000000000000000000 100000
385325 317966 482584887620234973 58509
763230 897807 506009793370393386 99982
717681 176659 458747880738483086 48485
707951 787704 826874959838648475 68546
24627 0 784762648857907824 1
801922 694922 168214236736752368 79944
619349 430641 6692041529236239 99929
647986 213580 138522290260413692 99967
974441 673783 874695441409237554 99931
0 0 10 5
639154 51587 862271720469446292 99918
988703 535696 581865231367926700 42183
858146 811869 379698410141891367 99943
567313 237085 876257683259108679 99949
378891 165934 623789527326978279 99934
369100 486536 225462050466946925 33516
907769 881110 231830329249784882 99969
58468 362786 795078893928404844 86175
761947 188280 920475145703428221 99911
266463 0 15809340396437919 1
24372 715444 367452829203553392 3888
133396 54163 721314206548583568 35259
36539 410956 617468599597423647 99935
215989 650247 383099300393402730 83086
917801 236907 907244018028064962 99953
81849 123472 988849279957077162 46042
329463 319847 564375309977519586 75268
928522 759872 186610556809089943 24901
427970 793277 914555787595657934 99974
0 0 100 199
423277 544452 760950808146621673 60699
51744 539565 602153937823917936 46181
403131 942811 707154797025448626 57394
887526 77440 69947577993656998 99954
604261 329653 826145097856379102 64677
215978 208919 544213089092197294 61996
251286 211023 910942902977338718 99999
