1000
61 55 7
42 13 34
48 100 7
0 55 55
87 37 36
17 6 40
52 29 5
25 93 2
56 80 4
9 78 90
99 8 69
90 24 63
27 63 72
83 77 15
20 60 5
28 1 34
60 52 78
36 87 6
84 79 77
99 92 60
35 73 75
50 27 13
92 80 87
39 81 80
24 81 77
71 86 34
48 59 23
61 34 14
43 86 20
45 58 69
47 88 38
64 38 29
61 56 2
99 92 73
20 98 70
45 4 63
30 57 67
38 18 74
12 100 82
62 90 75
13 78 5
57 38 52
68 88 23
19 41 36
70 87 37
79 46 84
92 100 81
60 81 24
2 59 23
41 97 68
52 10 20
81 53 85
65 88 97
73 32 97
55 82 52
90 67 82
44 4 23
5 97 10
19 38 41
82 24 95
45 94 28
57 59 38
16 15 64
55 4 97
11 45 47
7 34 65
41 58 27
40 32 40
34 15 71
86 15 32
88 17 98
54 83 44
95 24 55
10 86 69
17 37 79
91 10 23
38 2 57
90 48 65
87 63 16
6 36 66
12 71 89
10 38 38
82 45 77
46 18 82
41 20 71
25 23 43
72 84 72
18 75 3
28 95 81
80 74 70
9 100 8
7 52 33
16 93 89
47 85 3
11 5 82
7 13 7
3 98 22
12 3 26
21 94 36
28 12 87
91 2 82
96 97 9
49 86 5
54 28 35
8 92 17
21 53 4
1 13 64
95 85 18
20 62 88
16 81 32
55 55 17
93 73 87
82 97 70
18 61 15
4 42 74
44 65 58
29 37 5
9 76 39
94 7 87
50 22 86
42 93 80
20 46 39
59 46 2
70 100 38
61 95 87
100 91 42
48 69 67
94 13 95
55 94 27
85 55 91
62 59 95
67 58 20
47 8 15
67 60 11
58 20 22
53 80 34
91 54 60
32 43 54
75 33 74
60 24 94
7 13 96
60 34 72
98 41 60
75 30 25
38 36 53
32 77 66
49 2 81
54 84 77
70 93 6
22 95 30
15 72 4
85 85 34
67 45 63
75 96 31
94 30 5
40 9 35
99 10 38
47 74 14
95 62 96
62 24 38
27 6 1
19 78 93
0 71 40
100 91 95
14 46 40
49 11 58
52 58 41
35 45 55
22 64 65
64 16 62
84 63 23
4 38 5
42 67 86
92 33 47
70 67 75
57 64 92
18 18 95
34 26 6
87 40 57
77 91 2
66 92 12
37 43 86
82 77 39
57 53 73
48 55 54
36 12 28
89 74 71
41 87 80
66 26 38
91 65 22
70 70 72
90 14 81
11 69 57
50 96 59
12 59 63
98 29 77
58 18 38
90 69 64
57 87 8
76 41 73
74 35 91
73 44 1
97 24 78
49 97 30
7 54 41
67 88 33
52 36 12
16 86 48
7 25 48
48 46 58
100 64 45
73 35 23
4 11 83
73 43 35
24 100 35
1 87 71
48 52 2
82 2 69
14 33 90
84 90 1
51 57 31
18 89 10
0 39 48
6 33 77
14 12 58
54 73 68
24 1 68
57 76 73
96 31 25
78 21 43
87 57 12
2 98 62
18 57 73
95 61 13
42 12 84
58 86 97
75 37 68
15 14 85
61 71 58
33 29 79
66 16 67
5 47 66
32 47 87
80 66 44
73 9 85
71 59 9
65 34 26
59 72 79
52 68 11
46 26 68
13 68 39
51 72 5
26 63 84
31 20 6
12 72 83
37 73 10
95 44 79
86 98 75
53 92 12
6 54 76
58 85 42
95 20 58
85 73 67
12 7 78
64 15 25
45 24 72
35 87 31
80 15 95
100 1 1
76 84 67
80 32 67
57 92 78
17 75 28
14 89 2
5 4 81
100 9 27
94 20 21
91 61 19
89 80 24
63 97 5
10 33 56
7 29 86
19 59 93
64 20 30
68 6 13
36 60 91
100 31 11
87 20 40
42 58 87
74 27 60
9 77 77
48 19 14
38 20 36
85 96 27
85 9 98
24 98 37
77 75 53
32 81 7
77 88 1
31 8 81
14 30 25
9 67 98
85 70 9
1 81 66
14 65 87
16 20 13
80 94 17
85 74 65
40 76 92
41 9 44
87 70 20
6 53 79
28 53 36
7 29 92
0 15 62
83 21 71
28 46 55
48 21 33
22 45 39
51 16 84
57 26 71
96 23 25
51 9 46
80 53 38
31 37 19
10 9 17
39 62 19
56 44 57
84 98 25
55 84 13
20 94 40
100 55 38
45 38 11
55 94 1
24 84 57
5 21 40
19 77 72
5 34 58
43 41 16
67 43 16
52 27 3
95 52 21
69 91 72
96 2 72
82 56 91
91 86 25
42 91 58
23 58 58
95 23 15
12 55 55
89 48 41
61 58 61
93 91 57
75 79 54
94 24 53
0 30 70
60 5 38
50 45 96
84 98 55
34 59 57
5 77 17
2 35 88
19 32 19
16 20 69
83 15 78
52 72 19
10 22 75
40 58 61
75 71 84
33 6 28
55 36 81
1 42 57
15 90 92
21 63 84
78 28 94
20 28 98
77 18 99
12 25 45
50 95 41
2 93 86
73 4 82
23 5 33
94 30 67
11 30 40
30 5 25
46 13 25
46 25 23
92 67 54
65 77 35
53 97 9
10 33 33
21 17 22
15 27 85
84 24 17
82 89 7
29 71 99
100 45 18
91 9 77
53 70 66
43 24 79
18 75 8
32 67 10
80 65 25
53 66 72
59 82 94
34 72 75
51 34 61
56 65 95
21 84 62
21 6 39
25 76 48
24 24 77
99 13 4
56 83 72
91 88 3
84 93 54
23 35 44
95 85 81
100 97 2
63 73 6
29 2 60
70 35 40
76 85 40
1 95 53
62 57 13
13 46 10
55 32 37
67 5 11
26 92 27
39 68 98
81 79 13
16 86 46
91 74 34
39 5 38
17 24 45
95 88 7
78 13 34
74 92 31
75 68 11
64 85 30
92 10 71
52 33 14
16 96 54
52 71 98
12 9 17
89 80 48
37 21 1
72 73 82
13 55 55
53 52 65
59 96 91
82 35 76
79 12 10
81 30 41
46 13 67
42 67 14
8 47 90
69 96 28
19 77 96
38 31 43
79 13 6
74 98 45
90 70 34
5 74 9
17 31 57
25 68 86
80 25 64
6 27 73
10 55 27
99 35 58
79 69 11
76 77 73
44 19 7
41 35 64
17 52 13
68 82 88
23 21 97
79 74 13
37 33 18
19 90 69
67 10 77
56 84 29
93 5 46
24 64 84
73 67 79
72 21 28
85 33 65
68 45 5
53 48 96
73 60 73
53 100 79
20 46 63
35 16 42
24 60 67
66 90 100
12 39 71
75 40 70
11 73 54
9 72 95
5 42 25
43 30 26
25 47 39
56 92 59
71 75 25
17 63 22
95 95 17
75 52 73
72 98 89
19 87 86
3 8 88
16 53 10
99 60 89
89 37 94
58 20 9
33 17 14
15 81 30
42 4 54
70 15 34
5 100 52
6 26 84
36 98 30
38 27 52
0 57 27
55 3 20
9 70 2
83 41 63
63 38 11
0 89 69
2 76 15
17 8 18
91 63 85
86 92 88
27 86 68
36 86 34
71 83 38
51 22 21
68 55 29
11 99 88
34 9 32
77 21 90
98 100 65
35 68 35
94 53 82
79 48 79
5 92 68
7 55 65
93 73 82
38 86 11
49 73 97
1 28 70
52 79 95
8 34 45
47 71 80
56 82 23
51 39 32
25 12 74
88 58 41
100 68 14
78 92 39
92 55 47
7 38 80
68 13 87
65 81 74
67 1 56
10 72 100
65 77 76
67 94 53
2 86 38
32 71 93
75 28 25
18 13 17
34 14 7
16 97 9
97 40 45
75 76 37
82 65 54
20 73 83
87 22 56
6 74 68
47 66 68
10 5 43
54 28 31
4 80 61
74 83 52
10 32 14
98 55 70
59 78 24
48 100 27
68 85 59
6 90 7
12 85 59
49 37 81
21 57 20
6 10 20
85 12 5
99 41 62
96 46 59
47 32 85
13 9 61
72 15 93
61 9 64
39 85 37
33 58 9
59 30 95
78 100 69
57 28 81
30 65 81
8 88 1
8 64 34
10 33 21
19 67 40
63 90 6
97 83 99
55 77 36
75 18 15
67 67 62
86 7 52
95 82 27
85 84 21
34 72 48
80 46 30
5 36 8
43 82 22
28 96 15
29 94 95
27 69 53
22 75 38
73 100 14
8 90 85
19 15 33
2 64 93
74 9 58
57 76 70
30 9 85
30 44 90
74 13 7
61 65 100
18 95 60
54 8 62
55 71 46
55 37 9
79 31 94
31 40 41
33 39 73
49 43 41
83 88 33
84 48 1
30 86 56
34 66 96
27 61 19
91 10 57
44 26 6
60 83 20
1 45 6
100 54 94
20 14 88
60 57 42
41 32 82
99 91 5
26 57 61
43 19 26
4 84 60
97 10 17
21 52 78
96 74 56
69 74 98
70 91 100
69 96 3
7 52 70
4 92 13
84 75 56
75 23 60
66 30 100
91 41 56
77 65 16
22 15 99
47 1 94
3 96 47
66 25 14
28 37 95
64 88 26
95 59 36
56 61 7
99 99 99
69 26 21
19 57 99
91 77 63
33 60 68
97 82 93
36 67 58
82 94 57
21 1 14
66 43 12
28 16 5
100 98 41
43 82 18
38 13 25
65 48 46
37 2 41
43 47 33
100 89 76
45 83 96
82 93 96
43 58 83
68 63 40
85 13 84
0 53 42
75 56 53
15 40 98
50 22 62
4 25 17
21 66 14
28 81 52
50 69 97
17 55 29
71 28 11
2 96 76
30 94 18
78 28 15
60 98 27
31 15 100
13 15 75
17 2 33
100 60 84
81 4 75
93 68 55
60 86 100
38 91 22
100 37 76
75 63 74
36 93 63
16 79 40
19 23 85
31 46 91
73 94 6
22 20 89
37 92 57
41 26 27
59 30 79
72 17 12
34 78 21
94 29 61
43 72 63
4 1 83
84 69 3
23 7 3
100 17 30
28 13 37
65 91 93
38 4 1
79 40 83
59 43 87
66 22 24
21 81 30
5 19 45
52 27 39
97 96 54
78 56 13
34 27 91
55 98 32
58 12 24
48 62 3
51 61 95
42 73 40
77 31 9
98 69 74
72 53 57
13 62 69
28 88 81
77 41 62
19 61 77
84 90 42
100 63 3
92 4 28
14 98 61
10 55 4
0 65 91
71 28 4
63 53 74
77 75 10
93 62 100
19 25 7
82 79 96
45 39 5
94 73 33
46 69 58
67 68 52
22 28 37
14 59 83
13 64 55
88 55 34
22 84 76
49 78 52
92 7 98
78 12 41
82 47 30
65 77 89
47 25 9
63 18 95
97 18 34
75 46 17
29 42 62
91 83 54
79 87 63
77 67 94
90 77 46
66 96 69
79 4 33
29 25 59
30 25 5
52 37 89
52 20 71
4 62 87
28 100 1
30 5 55
54 36 40
53 77 48
85 68 41
0 2 42
45 54 78
30 61 23
39 94 64
92 82 14
38 73 58
27 23 72
20 41 6
13 94 70
44 68 69
54 99 95
80 70 89
13 17 1
61 88 67
24 57 9
84 38 75
41 12 92
25 54 15
100 87 47
91 48 60
44 88 41
54 93 10
15 81 62
41 98 74
2 32 95
52 90 42
51 61 55
56 30 6
23 60 91
90 63 36
56 56 52
23 36 86
18 69 54
7 79 5
67 19 16
1 74 53
29 21 89
37 87 8
49 42 78
8 44 91
89 99 82
30 17 52
90 47 68
33 34 86
78 84 95
91 2 11
91 5 25
4 95 82
11 92 53
33 69 55
31 9 91
40 5 31
79 94 60
10 34 82
48 77 79
77 23 24
73 81 87
80 80 99
34 54 33
29 11 42
57 66 7
49 47 74
97 44 64
8 67 44
0 27 62
63 4 15
39 5 87
27 39 58
35 62 33
99 58 92
79 8 72
98 96 13
41 54 55
71 52 15
40 67 34
34 29 29
25 61 69
85 93 63
67 14 93
91 47 20
18 56 55
87 66 72
54 98 4
46 83 61
78 53 78
36 32 85
62 44 84
32 15 55
98 23 27
1 69 27
43 89 76
16 11 38
4 79 33
98 4 46
98 42 24
73 91 41
7 83 47
35 99 22
4 64 60
97 76 47
30 64 56
86 41 9
40 87 59
75 55 81
2 100 54
93 28 75
84 40 70
77 76 20
30 41 28
11 78 3
20 60 75
13 15 91
69 18 21
64 81 11
18 66 28
25 25 97
31 86 25
54 13 86
91 24 30
94 29 22
7 55 85
25 17 18
10 36 76
82 47 46
76 7 28
98 28 93
39 62 100
97 48 53
100 18 7
34 68 35
77 28 9
36 54 38
44 7 12
2 9 3
66 68 37
77 46 25
93 37 34
55 2 71
98 6 75
61 12 61
34 92 25
38 42 11
11 10 80
80 33 25
0 10 42
54 18 72
4 87 25
55 12 25
61 6 25
82 55 91
81 40 43
25 43 2
53 5 47
66 98 21
47 66 45
32 96 39
4 99 54
95 22 15
6 37 12
48 38 28
100 84 72
95 11 94
57 85 91
99 97 98
16 39 79
23 100 5
96 28 17
65 89 98
24 57 38
53 48 15
69 62 92
19 80 12
89 42 1
72 96 80
4 78 15
86 25 64
75 97 39
37 62 67
76 78 55
42 93 63
94 11 37
50 91 58
