100
1
19
23
2048
2200
110
11110
1998
10
2201
64
999989
99001
101
876543
100001
1000
12000
2002
11000
567890
10001
900001
2001
777777
11001
999998
998999
99
12
11111
2101
30
90
11100
999899
10999
10101
999991
1101
999901
10100
890123
111
654321
1000000
1100
11101
200
900
900000
11011
989999
19
100000
901
2000
11
12001
32
1001
1999
999001
899999
2
21
29
201
100
999
999000
20
128
10010
10000
999990
999900
10011
9
101001
990001
9999
1099
91
101000
999999
22
31
210987
1110
199
11010
10111
99000
10110
1111
990000
102
2100
512
