100
2
171 1 666083325
75 1 944789406
2
149 1 237794085
232 1 128220969
2
184 1 807853926
186 1 526426166
2
359 1 100022213
65 1 398252786
2
281 1 347276050
277 1 542972741
2
158 1 889911791
120 1 329407059
2
227 1 645701871
108 1 605207568
2
287 1 281298862
217 1 371242096
2
238 1 11489112
247 1 269032102
1
180 2 1
2
213 1 679601175
39 1 114608854
2
249 1 307393318
115 1 892210214
2
147 1 302902000
297 1 55261402
2
105 1 493859796
161 1 444009070
2
218 1 906947201
270 1 997094893
2
298 1 24578033
203 1 669849273
2
283 1 797940422
355 1 820931714
2
161 1 122212933
111 1 35399983
2
2 1 733610822
129 1 434099681
2
181 1 164169119
342 1 32335057
2
347 1 43021684
329 1 718937748
2
114 1 478163728
25 1 847133391
2
172 1 568601121
158 1 328694208
2
91 1 61968724
323 1 757489413
2
86 1 121790179
315 1 213081557
2
164 1 102690410
255 1 886943282
2
79 1 71435179
44 1 143789366
2
227 1 977645760
121 1 375721976
2
136 1 524324902
279 1 774347227
2
64 1 994494870
95 1 379666055
2
302 1 163973210
232 1 472960317
2
351 1 44967225
81 1 669897153
2
19 1 367071908
218 1 61272297
2
155 1 960934988
145 1 933479650
2
3 1 132533075
246 1 968347099
2
26 1 474344790
344 1 842877063
2
115 1 436098859
245 1 958356939
2
341 1 966078800
76 1 644527177
2
272 1 42371339
156 1 211633306
2
99 1 406906589
166 1 754516916
2
143 1 888159601
76 1 573514098
2
42 1 127601905
177 1 689955792
2
65 1 366570377
126 1 39585589
2
31 1 557379862
120 1 225528579
2
353 1 986285866
353 1 585784101
2
271 1 789852704
318 1 935192128
2
359 1 40000
157 1 71133
2
60 1 629367873
239 1 972272719
2
16 1 183505549
229 1 754165381
2
256 1 537607249
356 1 397743718
2
9 1 228756402
192 1 473759873
2
95 1 73241244
49 1 327309096
2
110 1 720573839
108 1 232813659
2
328 1 226183130
98 1 245616319
2
125 1 304537857
237 1 408397704
2
180 1 10
180 1 30
2
332 1 668762749
260 1 658935402
2
118 1 444752818
262 1 310281241
2
319 1 551845132
22 1 239672060
2
334 1 44413446
110 1 750953243
2
104 1 11889494
272 1 37565
2
193 1 591970815
71 1 290211547
2
213 1 772743336
162 1 90290507
2
133 1 439408909
304 1 707852627
2
346 1 153242596
156 1 240592134
2
40 1 278422314
304 1 380075376
2
163 1 753515052
166 1 324541709
2
225 1 561862568
289 1 130570931
2
144 1 147246751
88 1 273146590
2
172 1 474860778
224 1 140649473
2
235 1 874757857
154 1 951494431
2
302 1 279039861
308 1 405743072
2
352 1 192224196
255 1 531518504
2
238 1 496795493
105 1 580590092
2
316 1 855171880
303 1 252309702
2
305 1 757223706
54 1 979421073
2
312 1 764163176
69 1 784983403
2
253 1 465174401
343 1 109389396
2
192 1 561906973
14 1 765242485
2
277 1 1000000000
108 1 768144444
2
225 1 332974583
155 1 213542158
2
267 1 770001652
201 1 236083292
2
319 1 11743934
72 1 701371185
2
351 1 226640841
92 1 721383836
2
58 1 249846067
243 1 538864752
2
293 1 280783031
182 1 113246197
2
202 1 525729696
215 1 158488429
2
89 1 990572325
263 1 904432961
2
51 1 471197411
356 1 400000000
2
216 1 604408448
219 1 101638684
2
354 1 15406551
138 1 194722955
2
314 1 979157766
288 1 890603693
2
68 1 405593081
66 1 661882283
2
149 1 802460137
49 1 94917238
2
225 1 596040748
189 1 922696798
2
98 1 353946864
353 1 801136813
2
180 1 100000
180 1 1
2
206 1 553626396
293 1 296887211
2
315 1 881524273
59 1 145024982
2
210 1 479529234
240 1 174024359
