100
4
1332
4
9583
3
616
10
1029384756
93
543666623573735674366634576254675735366522576767353534674477664435362446547435622655627774573
90
444442232443434332342342232344233442423443444434323343424234224232243442344443222244434243
100
9999999999999999999999999999999999999999999999999999999999999999999999999999999999999999999999999999
97
1515424326125422364435417070166503141773377376043005303223712362632754256705644721744016444046023
100
0987654321098765432109876543210987654321098765432109876543210987654321098765432109876543210987654321
100
0123456789012345678901234567890123456789012345678901234567890123456789012345678901234567890123456789
91
3400152652346311014113161431010412644012545244165201430230123112152262640610153526062331034
100
3454653754737322423545564725445677742453465352425776465577446552234675372456776725667624474756742764
95
45543663445366344433363464434533634633464433565666363555654566463664446365654465634345533353466
92
83546474556883844458854564734473878553467385677433788386758343356883343783354545655878546334
3
001
99
677578676548688753486663838848673446486645838746386865344748565665468637533755563347443566668848553
93
473539674565437666568337359563477595744867754469878557397644374498595359654684969878459746638
98
43244342242222442243424242433342333243233323243233233234333424223343334244432344342244244424233342
91
5733770662764250341702011436012420541616610465300667617255227324210363234206324270320556462
5
19091
91
8779898779978977977999897987999998898897777988888999979877978777889979798987988979988789999
97
3639637388974799864385936767469444969649864989793996667737859354596935779983389746544786858447463
90
766667766766776777767767677767777776667776766677676676677776776666776766677766766767767677
93
237452675174477725557762471132151766413147331775667526424543132222425771327346657733541714774
91
3587564567359557664934675567538773598445386986396956967583458498387643733667378957637976948
94
1143221444321121334113312324223114314323343341442444411322332214241144324312141322211212343432
92
44664333436434435434433465543454456636353344666664664564354365353664556333456546463653655644
90
987879977977798987897999797978799997799798977977977897789979998999978798888878988788997997
100
5744746464575447446556657574567465555756746654646455465667644577747567776556756747644747457776464656
90
464557676675545467767775665465645574546564457754466666675564777575674767766566555574747456
97
5524425645254545633442445222642464642446433265453434634633632442254536263435245665433365543232433
2
00
95
65767545575563676554656737766736364754574766453757753454636455543457635665463534334664436677754
94
6612356355350468867150231362057174763553472527387873367128127542486163233731214713436868136105
99
665555658765767759956555697967667697696575767678576887899899557595986887776755567668856579669666985
100
8957988214117957382748591137657776969993135892288861389837592188634311155392216976468942525546234341
3
011
92
76769697988867687787899878786778799877768996789976687676779787667668878678789977699897999968
99
112001121002122012220101000222012210211010210202021200001011212020102000012110020102212200210110221
100
3222233232233322322333323222233333232222232332232333223333323222233332323323232222233232222323233233
96
866515167382548448518117683188131561486375771227541212112827712288585875656757515256244645575377
94
7676765657766675567755776775555765677675666555677656765557577766655777756657776577755566765665
97
6361424618857603615657110263170624205351154381602056565264356836700503783077245380730776706854782
93
799987778887889977878998979978997997889799978989979897798898897979978987997888787778799779987
98
78788788887888788887778788888788787778888888888788888777888887788877777877788787787877887787777788
93
210012121112210100102001010000112202012022221000100000020101012221112212121002110002201012121
100
6652957168548986173721443743464253284534188371615471295689994362337733372415611651473696291629481746
93
265653123116534355536235214242123324251324151226122534143251446633366353214613353236162321151
90
743545347444663666636675675344573564757364374557766477777655335564635364753655573747566455
100
4288674244472485664943924981512985113134638216589227357767472267867367693171278293234389688229112523
92
35110454425541200355052002004350304020145325505350322240055125522302011044500205220542422201
98
66766878786778788886866688868666878788676668686688776867686767687868778786886886887677876786886866
15
222229888888811
92
00101100101111010001000010011101000010101000010110101010110111110100110010011010010101110000
91
1641206507313625704632151634453742274610104176750571135367545734400712002242632055261472602
7
9000555
90
666688655773737786436425846274367732466535757777384826373443224754567485262723547863267872
94
9899998888989998898998889898889898989998898888899888888899998899888989998989888898998889899888
90
495892982596347745245836827743589942553994295466548533557283599496965674495483726225725279
100
2767421176473043505774072033225236104350620250165675227540166762542270732102052446221572402137706344
100
6867877878687776787667667677867677676786776868867787687867887876876776866886768886878687777777786787
90
321000121002011330111220330112323201301132311033022123110111123230003203023123200223301201
2
10
98
43666145325643565562542221663132632234462221142236552512126222153131336642524541625524223236335263
93
333322232333332232222233333323223332233223332322222333322232223322222223323223332333323232233
3
110
97
3433333434343343443333444343333343434444343333433334433343343433443444334344433443443344343333434
96
775477677777777654757454566475677656574647774464776765665457557644746764675467444757456565747455
96
110111001010010100010110000001111010100101001111101010000110100000101011110111110101101111111110
100
0000000000000000000000000000000000000000000000000000000000000000000000000000000000000000000000000000
100
7542325735755334747346767757235234711165177377427146443175175137765721664111475137511711142235161466
90
857875676575676766555676788755875566677576755677885687876658566567756755686565875687565656
92
65883655858836378555868586874353478776578457567743374576643886853663743644853378537855668346
100
3213231333221313133221131231322333212111232112213332312223113233132321323132111231111313312332213122
99
122211212221121211212121112211222121121121121221221122211111212122212121211222121112222222121212222
94
5838847464683536368584337754863657567685536883676855546455858666844675635433543733346685657677
100
0000000000111111111122222222223333333333444444444444444444443333333333222222222211111111110000000000
99
787778777978977798798878887797979887997877977999999799978978997887978979789889889897787989777998989
99
968978343796775976976728778554456729444862873839448847746222299983639638426748856366662328652669666
93
776766767666787887967979777797978698878796767779877696879669689797689998699879669866697779787
100
2202443144354201035330101221423421233153241352502233201140504342511520442252412022044332032105244502
98
55666656565666655656566656555555556556655655655555665556566656656566656656655655655656665656665666
90
796586665976577987489844568778678548474867689689886677864877677486558848959887477877766658
99
785889887987699977779957666769999755755887655977965885775759656599889587789969576868976878579755566
93
224342324434342332242442334333243342444323444342243242433244432222444422324423342242432434224
100
5123161001535046141041061462342003355450045450104323203402254311465446042226411663343101305655432251
2
01
96
897979979977789788889887977878798977888779789999879987879779789977977899898887777997799788997789
97
5554545455445455544454545545554545545554454454445455544454454454544454545455545555454545554555455
99
112122321232122233211211322213222313313221231111331121213331321211321121312213313323123232122233113
91
0560394155544453789160583096707693249670952284484304876528286610953660644220341877644914434
93
998899669798989999678766977978787976687776767977686678689978966787699676886799979979797899667
96
324453253535543242254525445442345422433334255535455254544544553225333555325325355532354433442234
3
211
97
0415111511245043130412334051025300214243225345351335514205420345140133011052541441043143211300521
94
6561336542562265430011531466133320553046366663220023646326036145003551216431463602416161210643
94
9786766575756675885787888677878595977769799558685698869779869569578586789596655859876996778997
98
76667667667666776676677666766666666766766666676667667677767667766667776776667677777667767776767666
3
112
96
967796887696879977899668886968887678887778988897978679667787689986886778788997778898789889878777
