100
4
1332
4
9583
3
616
10
1029384756
90
223233232333323222233233233232233232332333222322332333323232322232223233322222233322332232
96
313654411474827624421157771112111126327287285212543571854786783436638687814473654816345632748688
94
3422445334243233334533252325554424455355454424344224554344525252245235344555442243352435342242
97
1101100101111110101001011111001001001101010101110000000011010010010110010100001011000011101111101
98
86162886929419304077179911773497509379171043882433898024266257145908266925696116948807762937119728
98
02101102333103113212223133312221233311113133321130210102013201011302221221032023332032000221310121
96
720525174303026456440043473747236220767602227025543200621435614260566055163752553312756026046776
100
0987654321098765432109876543210987654321098765432109876543210987654321098765432109876543210987654321
90
555555567776566577565767775565677667575577667766657677756767566666677575766776677776756556
91
4354678007275632373155223864354033100155570745520723473712445784130483436706723714348830211
99
999999989899989988899989888888999889989888888899889998988998889888888999999899898999898898898898988
98
54455545545545445554544545445544554555444445555454455554545554545454445455444545444545544555544445
95
43323443356522352544553254446644356425636625522433226436654363562453366244426444634356552534645
91
4445545555554555555455545554545444455454545445445445445445445444445444444445445444455555545
93
433233633325653464265432426264454255436355663344352555434323436354546236455665553434524425626
100
7748657466485747758686766647446858877474465574575477645568647558645554466665858478786467687465588855
100
0000000000111111111122222222223333333333444444444444444444443333333333222222222211111111110000000000
100
2996942498235333811795396177164631211985494721215862619537235937585384898955794282483588745877217224
96
210012201002000022110101100100112211212102012100002202202002100121100010021020212202212112212201
7
9000555
90
323334233434233234333222343334324233323434444442342244242342344322442334332342232232322243
93
444344433444443344344443434344443434334334433344344444434333333444443344344444433433333344433
97
7747844765534763385338878557684766765658866537443385374374688876767336787754754567447688466566548
95
51001024001322301554424205410333052502005235254030233555242233301252334445133204132422321301323
95
32322111313222133221313331221121332222323131321222113111122321121111312233112312211121312222213
98
73463136332677523545624257644566461264775364413777323733455772227152444727457374336464112576555116
90
112222122112121222221222122212212212212111111122221221122112211122111211112212212111211222
93
220211211211112211101202102211012220211220212100122220201222000021211012212222221212110100102
98
24343232244434422222242432343234244432243424324224322224242324433332423222224242323322323233223443
100
7758655888875667678885855665585568665856575668558767887877766567855655877776577857855887788566587865
92
10100112002112210022011110110011210001102010201111100010111201220111010002122000112222001112
98
98979889978787887988889977888779787897878877788887889779797979787799997987989999899979788799899789
2
10
15
222229888888811
95
54445654454554466664456645445556464654566645544656565464546466466544465465455665456454665566644
97
4554555455444445454445445454554555545455545444554544555444445455544544544454544544455444444445444
94
7767666766676666666666777666767766777677766766667766767677777767667767776677776776677766667776
91
6274834782568372432745947683476978543223935478266678599579984687764578669556933375954883576
100
4585469647799799747487847967867995546758977844847864589787555787598987476878566899744979864746675554
97
4320320221022120001030241321143100210341213422212033334333232421103240331400022222020404143204332
97
4575744686866445588456785774654887745575475768784866878545548868844854867477784786486656666886554
90
778675668587588675758785877758785557887656658576657658577755566677857868858558775788857566
3
011
96
233130311021210013311010223230333011200001000000000232222103201301131033310200223232123002101132
98
63654434644646236343536543223433225655254532426632424222464545455543622253443352666443342563564662
98
20212030202321014400000421304033244112042323440422030403122322144431002033314120232214103001343434
95
35554353335435533533535555555454445445434533344535455334554535335445544545343455535455335355544
5
19091
95
31123333124441432444242443124442322131112312442433311111342223441422112243324111314142341314231
90
775567776657775676577755656775576577755556557767665765567575777575555577656676665556676566
99
144302344303410310334330414301231022033324330111220333440432044434200022410113310204140040003104023
100
9999999999999999999999999999999999999999999999999999999999999999999999999999999999999999999999999999
3
112
94
2122122122111112112221112221222222112111212112121212121111111111122212212222222121211121221212
92
33232333223323233322333333232223333332233223322322332332222322232222332233232222323332223333
100
5543654633465666556433646645334665433333666446453465636454543453433563466545636656463336453336456456
3
001
93
465476766724245662353324754447344444233563445567533243655422757633463667773257256576642636763
3
110
90
677766666776676676766677677766676766667767677667677776667666667777776777766677667677666766
99
777788878888888887787877778888888887887887788888777788787778877888878878888878787778777877788888887
97
5757586555878887755785869885599657679757998887688959658699565776885875566858869598668996575796988
92
32353434677853553466463245782722388428683388376756824828663556685846434835284755377346246482
95
57575568478447567467856858487684688555848578766778868776444484855546684745455544587455586777787
93
764755465576444657474455676464764647465547545544676756666774574555654566447767477766765675465
96
354345454455343533435344333453535534454354554533554433544455354443554435344543545335433435333553
99
668685588688686787576676776756755666675755775577587776578678666557655755588568667765777685877768758
97
1444312433313141344303400402311414400200344144410212341133002224433044114430310132203411420133133
100
4344616133512144294216682728199727651686257571248622556659267887282622293169416482963951667662985187
100
0123456789012345678901234567890123456789012345678901234567890123456789012345678901234567890123456789
100
3243334343234433434333343322333323344343333342323344423232333224342343433234224422433342432343222324
93
401440022313422430410422220230432321144320441310221434133010411413120323213423242022231111323
2
00
95
33232322323333223332332323333332333223223223323332332222322223232323323332233332333222222232232
93
788777788787787777788777888887778777777888888888778787877787888888788878778777787777888777788
93
393893835768343473646878464475666685538867544853457366697797855899644379873565346849898689965
2
01
99
899899899889888899988898989999898998899988889998988899989899999989888889899898988998899888899989888
100
0000000000000000000000000000000000000000000000000000000000000000000000000000000000000000000000000000
100
1456737547113325225743677754346124221554366666314277743112722243344764776527654256455557523412676114
100
9695245673468832679849595156962864319582879393364453135276271787677486535147648193459783853444858514
96
766565777766575567655776767676557567575657657757576757675566575666657667765567777765756567766757
96
323223223232323223222233333323333232333323223223323232333223322332232223332223322233223323333323
91
7754545757444476757466465667657544666545464456765576674474545754744575654744647476476664645
93
443334443333433344334433334333443334344333434343443344434434433434443444434333333334443344344
90
646855786884655455578747874664786484556445665856887576678445685856456548675865564685454565
100
6786777766667667666767777876686778666777876877667668887867678786778787876867766767686687677788868887
97
4457475778574884457578586588766667575684784846464884868654564868566576484784868586675864787656567
99
313413413555244241215213241521221232424232553121545251521421445143141542123114315325331441144512452
92
10100111110001111110100100100100100000001111100101000010101100101101010010000101111100000111
97
3522434232051544255010553504241434140030524210120112323041331241113502315424252131525044240205233
92
41524213112245153355455352452322121131552151155125215333115335514353232335231552353153111344
92
42623654525435622435265546346444654364252345333565532664666362443366622562456256245226643655
3
211
97
6777766666766676667766777767676767766767776776667777766667776766666677667676777677666776776767676
100
7779676889789866886896868666679667698688798889668968788876978998789867877788889998979797866766967966
