100
2 1
2 2
3 1
3 2
10 5
100 1
100 100
100 50
88 16
92 89
80 49
87 7
85 71
84 44
87 29
99 26
80 56
85 29
92 81
94 53
84 79
87 12
97 3
99 16
92 8
88 70
80 64
96 95
94 27
95 76
86 61
100 89
92 70
98 73
98 66
100 56
82 26
82 61
81 44
83 18
86 37
81 10
89 21
81 52
97 34
93 22
96 62
100 21
99 51
100 45
88 71
95 86
96 96
99 97
90 58
85 6
96 20
96 50
85 18
94 92
86 51
92 59
82 44
99 10
99 95
88 30
85 73
82 53
96 73
99 21
88 14
95 82
88 77
98 86
89 11
94 74
99 11
99 38
82 74
87 21
82 49
85 33
98 58
91 1
82 19
99 42
98 5
96 65
82 60
91 7
93 90
83 39
89 88
96 15
87 85
95 85
83 16
95 37
92 46
99 74
