100
2 1
2 2
3 1
3 2
10 5
100000 1
100000 100000
100000 50000
86112 85132
89594 55785
86651 19193
89706 41286
86802 55073
86731 9019
95585 68100
99592 17048
80073 21640
98326 76315
91728 12520
93425 17384
96766 29438
99589 72386
90831 39215
83083 73414
90526 56620
80530 61892
89645 70242
81955 50815
85422 60327
95590 19792
92609 64747
80791 73730
86579 18373
84397 73479
98961 60119
85800 25252
82757 21049
99781 38323
83259 66086
85448 57938
98872 98098
95064 53951
97810 21341
90084 43600
89284 36765
87525 51553
82057 9183
99775 32225
98995 30014
82017 60573
95789 27345
93782 7822
85879 78837
87049 15725
80445 27238
87492 18895
86932 34277
88225 37861
82586 49516
81464 40533
85869 52390
90832 90108
82220 16328
92927 28296
82508 38994
82751 20225
96199 27286
91772 67225
96731 81836
94179 36735
80505 54895
96551 83153
81371 62601
93063 65364
94799 39339
90112 28466
83322 38401
86240 79508
92942 87634
90694 70278
84522 17635
95393 61422
93515 37073
96089 92397
87788 22824
99045 70718
89171 48237
96528 8468
95032 78741
88629 85265
84959 67938
86733 6105
98555 80424
89834 67811
83485 59002
99329 64475
95714 77067
96506 1283
86637 21526
92403 41810
