30
6
5 2 4 6 3 1
6
2 4 8 16 32 64
3
1 1 1
3
200000 200000 200000
200
22500 24840 11100 11340 26340 9060 900 15660 4140 16140 20100 19260 47625 52578 23495 24003 55753 19177 1905 33147 8763 34163 42545 40767 103125 113850 50875 51975 120725 41525 4125 71775 18975 73975 92125 88275 124125 137034 61235 62559 145309 49981 4965 86391 22839 89039 110885 106251 114375 126270 56425 57645 133895 46055 4575 79605 21045 82045 102175 97905 84750 93564 41810 42714 99214 34126 3390 58986 15594 60794 75710 72546 151500 167256 74740 76356 177356 61004 6060 105444 27876 108676 135340 129684 30375 33534 14985 15309 35559 12231 1215 21141 5589 21789 27135 26001 151500 167256 74740 76356 177356 61004 6060 105444 27876 108676 135340 129684 118875 131238 58645 59913 139163 47867 4755 82737 21873 85273 106195 101757 154500 170568 76220 77868 180868 62212 6180 107532 28428 110828 138020 132252 98250 108468 48470 49518 115018 39562 3930 68382 18078 70478 87770 84102 60 127 275 331 305 226 404 81 404 317 412 262 375 414 185 189 439 151 15 261 69 269 335 321 154375 161262 48315 113663 112896 16169 122584 4865 103988 117062 173120 135465 13736 34691 34294 87501 28989 140917 189050 136907 37383 100847 1137 9882 132844 99189 183341 121070 133529 183970 49141 24768
200
104748 38247 152819 52747 158579 88930 55372 69472 118695 61373 36850 42317 28759 82032 118627 16573 137217 155840 34957 125219 186543 147970 136736 87353 134960 117321 166715 198477 161619 140007 73562 170083 71491 56876 187883 3876 188945 34205 63249 87551 44338 33595 95243 30583 151088 45015 115475 171282 67748 44152 110841 183859 85421 175806 85464 130540 194625 5196 66526 199357 45139 13350 14449 17908 83390 101760 61219 101624 173815 84067 121395 70782 171077 46977 54312 110437 128701 75059 30536 3770 39807 26471 49419 19990 140828 131085 199131 27869 58852 158931 17936 142712 168688 155030 63392 196603 121026 109221 179050 115500 11494 134210 73713 171587 23260 195746 77870 197274 147052 102590 176327 138665 25354 109026 12343 149057 22253 166663 176968 161969 158434 192724 177075 15375 40921 52413 124049 13697 166162 159007 68247 101934 168974 106902 187843 187672 130421 146409 169718 151450 193281 34424 52897 14126 170019 124290 135734 13511 127919 141125 36964 52353 139550 182885 119400 94602 198450 89080 47178 23914 139535 139418 17827 11832 138057 19311 153093 129029 185738 60109 132957 187335 172589 28312 110796 183774 15866 90004 199317 13569 194324 136522 157021 12614 72255 80864 19557 185494 139622 13 195359 174754 171940 85046 29120 109279 54597 113095 163692 20700
200
0 0 0 0 0 0 0 0 0 0 0 0 0 0 0 0 0 0 0 0 0 0 0 0 0 0 0 0 0 0 0 0 0 0 0 0 0 0 0 0 0 0 0 0 0 0 0 0 0 0 0 0 0 0 0 0 0 0 0 0 0 0 0 0 0 0 0 0 0 0 0 0 0 0 0 0 0 0 0 0 0 0 0 0 0 0 0 0 0 0 0 0 0 0 0 0 0 0 0 0 94185 83650 41659 36316 171477 191898 158870 179803 111816 169726 73537 58403 33707 6294 29861 77519 2061 123809 34386 161954 45781 116399 123837 26020 74619 39257 75584 103012 197853 139899 76676 119148 58789 164439 29063 141039 121556 97520 163991 48832 147987 96921 189043 118781 128536 182875 69149 138407 127434 15334 68531 57966 17832 188257 179498 44425 130312 140889 128626 67713 117425 90246 69390 163034 132125 66499 134521 154733 108013 16518 22079 94389 107717 68069 48010 129368 157604 133095 143040 138387 150508 175585 4415 178020 125381 13706 141198 173892 197256 71594 43386 11828 58637 83502 51791 10688 124002 62668 18519 189649
200
200000 200000 200000 200000 200000 200000 200000 200000 200000 200000 200000 200000 200000 200000 200000 200000 200000 200000 200000 200000 200000 200000 200000 200000 200000 200000 200000 200000 200000 200000 200000 200000 200000 200000 200000 200000 200000 200000 200000 200000 200000 200000 200000 200000 200000 200000 200000 200000 200000 200000 200000 200000 200000 200000 200000 200000 200000 200000 200000 200000 200000 200000 200000 200000 200000 200000 200000 200000 200000 200000 200000 200000 200000 200000 200000 200000 200000 200000 200000 200000 200000 200000 200000 200000 200000 200000 200000 200000 200000 200000 200000 200000 200000 200000 200000 200000 200000 200000 200000 200000 200000 200000 200000 200000 200000 200000 200000 200000 200000 200000 200000 200000 200000 200000 200000 200000 200000 200000 200000 200000 200000 200000 200000 200000 200000 200000 200000 200000 200000 200000 200000 200000 200000 200000 200000 200000 200000 200000 200000 200000 200000 200000 200000 200000 200000 200000 200000 200000 200000 200000 200000 200000 200000 200000 200000 200000 200000 200000 200000 200000 200000 200000 200000 200000 200000 200000 200000 200000 200000 200000 200000 200000 200000 200000 200000 200000 200000 200000 200000 200000 200000 200000 200000 200000 200000 200000 200000 200000 200000 200000 200000 200000 200000 200000 200000 200000 200000 200000 200000 200000
200
127843 135371 61799 188801 56322 69574 71633 186559 98150 21015 149540 52259 35658 103622 175624 17428 168945 71924 118269 32840 81924 110748 130406 100978 183026 135278 116471 61514 106119 66575 188347 62192 180384 101205 123944 121514 63451 42727 85405 137978 136516 190000 172429 8243 150977 493 10620 116421 129600 130013 147279 76362 81433 158336 184587 169378 178525 66607 19380 76020 11318 14884 111813 190136 37561 133991 133856 193723 27486 8960 153750 194484 59616 163532 165487 78409 46794 116427 186221 64476 123037 55339 44140 119763 190052 1255 197010 112198 179601 43967 132615 43519 21540 65106 98124 91075 171633 172246 111323 143582 58261 5788 16422 70491 85335 198815 169544 837 129412 139049 52287 170868 129243 52261 112542 189557 157545 140775 128881 152331 110934 185994 151457 101929 81527 23367 197755 122467 178147 67693 63455 86542 88267 165514 185110 122267 60646 107298 100383 180175 161888 39651 22770 42946 54790 144920 97466 60966 89477 41591 84209 122391 32152 153602 119015 29117 87318 104683 28099 159667 149517 88533 28699 16393 112888 70988 36117 20492 107933 54357 91633 146021 125142 52855 194201 6601 192046 90969 100032 174400 196958 36204 177027 24272 21357 84927 17410 9005 83698 140718 28551 32383 119819 81350 146968 15258 23572 189031 127327 152704
200
49966 55083 23177 50267 2408 82775 100233 86688 6474 7137 3003 6513 312 10725 12987 11232 59760 65880 27720 60120 2880 99000 119880 103680 17596 19398 8162 17702 848 29150 35298 30528 74202 81801 34419 74649 3576 122925 148851 128736 8300 9150 3850 8350 400 13750 16650 14400 62748 69174 29106 63126 3024 103950 125874 108864 49634 54717 23023 49933 2392 82225 99567 86112 301 39 360 106 447 50 378 299 166 183 77 167 8 275 333 288 32348 77882 179814 27987 175593 35519 18967 28238 145869 80944 584 81171 119688 6983 125654 125071 108946 34102 29407 8645 126751 118718 161913 150340 113709 17187 143876 149044 28357 134653 17150 138925 164619 115197 55518 68949 180873 145736 53560 94460 45322 59396 76747 121205 144935 128153 163581 10156 23357 167893 101058 162955 26177 75072 73535 166716 182042 62024 112828 60597 21882 108349 159997 45834 63519 139431 113360 52312 81825 67211 160263 7927 114064 86489 91509 112265 194416 135756 141494 151275 144205 26233 13655 20682 44176 48109 167604 38849 15177 30796 29858 168531 82323 73420 14410 186938 65844 58579 146733 172031 138782 38757 129573 71288 94748 19610 99843 184991 77113 142604 46612 39173 46339 193211 54487 198511 70396 14681 23991 97145
200
124504 116604 91956 61936 71732 137460 70152 3476 38552 102700 164298 153873 121347 81732 94659 181395 92574 4587 50874 135525 11820 11070 8730 5880 6810 13050 6660 330 3660 9750 155630 145755 114945 77420 89665 171825 87690 4345 48190 128375 105986 99261 78279 52724 61063 117015 59718 2959 32818 87425 161146 150921 119019 80164 92843 177915 90798 4499 49898 132925 33884 31734 25026 16856 19522 37410 19092 946 10492 27950 89832 84132 66348 44688 51756 99180 50616 2508 27816 74100 120958 113283 89337 60172 69689 133545 68154 3377 37454 99775 68950 64575 50925 34300 39725 76125 38850 1925 21350 56875 316 417 30 395 269 409 86 228 307 175 394 369 291 196 227 435 222 11 122 325 164579 123050 110905 142515 113429 71061 135750 117471 148436 91450 67901 17948 134313 114919 162914 144768 38059 130341 180492 159989 48207 149409 155632 39225 131812 80971 6565 177387 181940 87770 136570 178851 28732 2821 80103 179919 43815 56049 156460 151978 49001 195299 185578 43681 97846 180699 178644 143420 103628 172932 119441 49843 14483 3173 69902 159414 168978 39291 143249 5445 67703 148738 1791 13577 96453 173914 76787 93063 164913 198450 42811 147173 43960 12215 128682 71925 33248 33127 36195 181812
200
88256 77280 19488 47712 88704 43456 49728 5824 96992 29550 25875 6525 15975 29700 14550 16650 1950 32475 60282 52785 13311 32589 60588 29682 33966 3978 66249 164298 143865 36279 88821 165132 80898 92574 10842 180561 7092 6210 1566 3834 7128 3492 3996 468 7794 128838 112815 28449 69651 129492 63438 72594 8502 141591 131596 115230 29058 71142 132264 64796 74148 8684 144622 167056 146280 36888 90312 167904 82256 94128 11024 183592 60676 53130 13398 32802 60984 29876 34188 4004 66682 224 75 153 417 18 327 334 424 154 394 345 87 213 396 194 222 26 433 148060 47171 166592 65041 164175 45816 53051 121595 80845 70811 135573 127117 15307 58493 114933 161358 50266 120501 45005 127704 23961 145891 3530 75591 100873 128462 177453 11214 97231 42748 2240 158617 167644 162498 126422 194243 193295 43396 183791 121592 131629 198658 181171 30852 176750 58325 114130 160250 178311 133923 26770 57850 80160 110031 87738 81913 191587 114349 175529 132302 52469 193409 180887 72448 187923 91884 545 121538 62659 27442 79000 80497 92160 26870 28789 24369 55070 143724 17666 187822 139986 50294 147009 73474 14099 45630 33375 49872 95504 40222 11845 22576 48404 96299 43815 63748 56625 37213 161309 127189 100833
200
61299 16263 11259 32665 5838 17375 15151 22796 49762 18626 27105 36001 2780 115983 30771 21303 61805 11046 32875 28667 43132 94154 35242 51285 68117 5260 83349 22113 15309 44415 7938 23625 20601 30996 67662 25326 36855 48951 3780 13230 3510 2430 7050 1260 3750 3270 4920 10740 4020 5850 7770 600 97020 25740 17820 51700 9240 27500 23980 36080 78760 29480 42900 56980 4400 185661 49257 34101 98935 17682 52625 45889 69044 150718 56414 82095 109039 8420 161406 42822 29646 86010 15372 45750 39894 60024 131028 49044 71370 94794 7320 130095 34515 23895 69325 12390 36875 32155 48380 105610 39530 57525 76405 5900 59535 15795 10935 31725 5670 16875 14715 22140 48330 18090 26325 34965 2700 158760 42120 29160 84600 15120 45000 39240 59040 128880 48240 70200 93240 7200 38808 10296 7128 20680 3696 11000 9592 14432 31504 11792 17160 22792 1760 44982 11934 8262 23970 4284 12750 11118 16728 36516 13668 19890 26418 2040 14112 3744 2592 7520 1344 4000 3488 5248 11456 4288 6240 8288 640 139 263 189 30 220 421 366 295 135 360 88 102 32 441 117 81 235 42 125 109 164 358 134 195 259 20 183857 120756 159616 128349 108120
200
1 1 1 1 1 1 1 1 1 1 1 1 1 1 1 1 1 1 1 1 1 1 1 1 1 1 1 1 1 1 1 1 1 1 1 1 1 1 1 1 1 1 1 1 1 1 1 1 1 1 1 1 1 1 1 1 1 1 1 1 1 1 1 1 1 1 1 1 1 1 1 1 1 1 1 1 1 1 1 1 1 1 1 1 1 1 1 1 1 1 1 1 1 1 1 1 1 1 1 1 1 1 1 1 1 1 1 1 1 1 1 1 1 1 1 1 1 1 1 1 1 1 1 1 1 1 1 1 1 1 1 1 1 1 1 1 1 1 1 1 1 1 1 1 1 1 1 1 1 1 1 1 1 1 1 1 1 1 1 1 1 1 1 1 1 1 1 1 1 1 1 1 1 1 1 1 1 1 1 1 1 1 1 1 1 1 1 1 1 1 1 1 1 1 1 1 1 1 1 1
200
1 1 1 1 0 1 0 1 0 0 0 1 0 1 0 1 1 1 1 1 0 1 1 0 0 1 0 1 0 1 0 0 0 1 0 1 0 0 1 0 0 1 1 0 1 0 1 0 1 1 1 1 1 1 1 0 1 1 1 0 0 0 0 0 1 0 1 0 0 0 1 1 1 0 0 0 0 0 1 1 0 1 0 1 1 0 0 1 0 1 0 0 1 0 1 0 1 1 1 1 0 0 1 0 0 0 1 1 0 0 0 0 1 1 1 1 0 0 0 1 1 1 1 1 1 1 0 1 0 1 0 0 1 1 1 1 0 1 1 0 1 1 1 1 1 1 0 0 1 0 1 0 1 1 0 1 0 0 0 1 1 1 1 1 0 0 1 1 0 0 1 0 0 1 1 0 1 0 0 1 0 0 0 0 1 0 0 0 0 0 1 1 0 0 0 1 1 0 0 1
200
0 0 0 0 0 0 0 0 0 0 0 0 0 0 0 0 0 0 0 0 0 0 0 0 0 0 0 0 0 0 0 0 0 0 0 0 0 0 0 0 0 0 0 0 0 0 0 0 0 0 0 0 0 0 0 0 0 0 0 0 0 0 0 0 0 0 0 0 0 0 0 0 0 0 0 0 0 0 0 0 0 0 0 0 0 0 0 0 0 0 0 0 0 0 0 0 0 0 0 0 154532 191659 165363 61426 79369 188502 121974 190839 11333 150917 22197 58147 101706 82211 69651 120034 63950 130195 131058 134371 87133 93505 32744 119806 10440 119297 76299 80177 192641 8188 188744 118766 42821 71970 95694 140835 102893 89565 63941 168713 19726 95726 153501 112478 74227 107754 122833 121037 131662 183756 106345 160281 137876 94307 33498 71440 68132 1344 69943 37813 94257 4566 102101 175690 57800 73661 172045 74915 158897 30638 2104 42740 165771 43462 85549 66313 110030 160005 34694 160000 67987 147535 89171 3271 87241 189725 77808 35982 170997 59158 177713 123546 147529 138636 82212 92723 43679 83681 91918 105063
200
125253 130693 198578 177376 104960 172412 132361 53486 45965 155751 62995 163530 9834 143983 96191 16203 196880 179173 140771 37441 151365 179086 127966 30533 13325 44912 139741 157365 62131 141749 150641 122385 71548 31872 173995 40629 110536 64107 174822 6187 143059 184413 50809 113358 197106 154527 102063 113056 58178 68819 151532 140036 44120 16449 191030 173755 152137 132731 113653 83873 196240 166557 155247 159972 167091 120731 68314 4295 118185 19487 127249 75380 56488 140880 136294 185688 176323 89306 55854 110599 55282 173933 22779 145756 24012 164421 114230 26814 14436 25516 163345 153569 30209 64812 55229 183601 84331 12545 9627 140347 119151 11353 104865 58458 13980 71554 152206 58813 133568 66763 37885 72978 142213 64296 126667 175479 113008 46257 25641 24399 3316 107395 53115 102901 43965 78606 197163 140393 85407 124927 138970 23026 199359 80277 129697 141996 25777 122164 125865 146395 17036 36287 97792 17725 180544 3420 68422 154739 187796 153960 158654 178359 129904 16320 105769 148219 176122 82483 12922 79267 117362 18253 165718 87091 37752 182221 89235 74672 55206 68648 64402 87601 33753 158667 155778 187930 90526 185155 6356 39240 48597 1873 159666 162622 137423 35560 49034 167151 187086 176804 2307 64651 38956 282 33767 75535 92675 192193 112832 146818
200
189997 197237 150003 164577 188923 100932 61081 189580 27496 144913 86517 43127 51511 119288 96211 19158 141589 143107 64007 144832 104813 133586 144637 72995 95023 15234 174255 195142 116333 29772 46526 128177 23544 92772 151403 33629 117065 103099 41629 172399 112001 167016 165150 33493 4166 82813 161713 176176 96887 52283 76043 45346 99526 162866 146315 127539 68530 129342 50271 112393 41010 163989 31537 54216 180317 198367 82587 124129 190101 29307 69567 188519 149239 88854 129867 29603 53731 86396 139527 133178 95725 11902 54050 127996 2987 15832 1123 6892 168786 174300 122801 53039 14708 4464 10462 76247 118384 65696 160662 196598 186377 88616 117774 174207 4974 87832 97834 57793 113721 122407 102569 92974 140845 142062 182533 103746 23297 305 133134 141847 114553 14834 92300 137716 9684 198892 33230 138821 178817 9556 44821 97897 151835 98528 60098 57333 35860 190559 141360 150840 170887 127767 158400 16103 186597 18951 140012 65187 49056 136110 141609 171063 101480 60531 69780 197468 48248 79034 16731 50379 77919 8236 110332 9004 150818 47248 162208 118051 59867 148248 182987 102215 58146 82340 177976 122034 132455 137687 58554 112684 15838 87175 89904 168050 169983 119898 156408 59735 167455 42724 157568 7702 27450 154427 9167 77123 27265 111809 119016 44972
200
74932 90652 21746 57116 45326 33012 77814 93272 103490 31460 38060 9130 23980 19030 13860 32670 39160 43450 42614 51554 12367 32482 25777 18774 44253 53044 58855 18018 21798 5229 13734 10899 7938 18711 22428 24885 6578 7958 1909 5014 3979 2898 6831 8188 9085 90376 109336 26228 68888 54668 39816 93852 112496 124820 16016 19376 4648 12208 9688 7056 16632 19936 22120 92950 112450 26975 70850 56225 40950 96525 115700 128375 65208 78888 18924 49704 39444 28728 67716 81168 90060 262 110 149 63 23 316 56 325 228 286 346 83 218 173 126 297 356 395 59523 71433 183426 64264 157819 24478 133865 84298 9633 199104 68986 103168 111949 7159 146290 183515 59497 93620 120249 139410 24853 128858 79136 164231 5994 193560 65589 171848 56551 169776 128672 117331 48560 2359 97870 46070 18190 60990 109607 83561 138269 8810 134969 107717 189502 187069 93819 58251 27239 63998 13431 70696 136530 132119 190312 103555 64210 195500 62126 46333 124653 31607 80641 92192 139319 45627 104900 171512 66720 153916 190463 51259 68026 163263 166165 173847 39744 146359 55 96133 162013 151514 184016 27179 54659 108096 1663 192481 115123 3727 137104 155867 104315 135229 287 57804 168137 23051 49240 44907 107508
200
113098 52382 42840 154041 175855 155075 163724 126734 28683 68782 174802 153894 148145 80952 18866 27424 88031 53239 194652 148130 189717 173719 84685 182496 49239 174726 451 6470 118283 24522 110020 81493 7883 71716 21232 175533 114040 31754 71038 14716 197669 135246 102873 127924 45232 168262 189127 40311 10905 147371 96191 30689 90373 70507 69380 129585 2562 1124 126545 69610 43948 21437 62988 160118 137172 140763 146455 61944 129099 164764 15267 163143 81674 6238 123656 68498 87895 121682 161866 156855 17957 112611 59936 130347 101510 94996 66319 43230 63439 63626 25107 129620 2805 91017 35209 54835 184339 146088 149304 86014 194731 9616 177385 139293 115143 29748 142909 130361 89712 134828 109252 37947 14793 4391 182383 76186 66233 67972 18162 139834 158664 131477 3033 163143 19607 99740 21192 5416 157145 181707 184405 100412 55724 120136 41601 30056 172313 95567 167591 16748 145693 189850 23923 189743 74816 156183 167882 172576 85718 117305 183386 172860 9106 5542 29257 185528 54911 62223 49228 115512 104887 100686 22768 158162 71094 163635 17419 11214 37002 87785 7338 64939 130019 45512 62617 159197 95114 123467 103563 51128 110784 83483 91521 87943 158945 150231 183916 118660 42423 182041 95181 161861 189119 53467 182163 26978 1108 36614 79451 158698
200
74282 22793 167077 45950 23966 12893 140834 6098 42608 124966 96344 12395 46642 192396 51447 150340 10952 35693 31003 139174 114226 28256 103984 153081 75545 29710 38000 46282 191680 5815 170873 137482 102215 136800 80375 45679 22589 188799 173631 62531 29000 196168 145563 135174 151276 123430 138266 22090 16885 56045 95166 199278 14379 151262 186632 101799 169173 185065 39108 59670 131079 64064 128654 25843 137842 101958 170981 4981 189943 96950 98839 12950 40177 91764 66251 109262 126063 92980 141503 189613 122972 157065 21472 109032 45349 156324 11595 33077 181538 82909 159828 2996 163856 92782 111921 73137 56524 188834 164019 173066 8265 186992 192943 75091 11834 78990 120373 131963 164957 130569 1759 122602 183016 168055 172321 37200 130323 2602 1724 69098 91904 186251 116336 178364 161308 4861 117781 151522 68983 102016 161451 61948 82047 108952 45670 193405 98542 135810 100231 50147 84145 121338 123845 37073 163235 168665 26673 23173 141003 38185 182668 87560 154671 165655 25756 20884 15083 188988 47699 67748 55828 1634 170741 63214 117962 76802 175690 79967 96754 12344 194787 22170 186863 198001 16862 148403 99047 116728 146211 177131 151264 157909 5384 102339 114083 79510 182170 171536 150074 195140 47469 153796 127376 143784 31207 63112 155239 106396 103133 79
200
26532 47652 15048 20856 26928 37620 36828 12663 22743 7182 9954 12852 17955 17577 73164 131404 41496 57512 74256 103740 101556 67536 121296 38304 53088 68544 95760 93744 13065 23465 7410 10270 13260 18525 18135 32361 58121 18354 25438 32844 45885 44919 16683 29963 9462 13114 16932 23655 23157 132 63 364 336 65 161 83 201 361 114 158 204 285 279 1324 82092 181966 62402 195922 26392 87419 62590 125718 79312 91547 197192 77163 141694 14597 43319 65571 87726 62465 152937 37397 126302 170025 164625 16443 68422 196456 42043 182848 32606 93492 198137 96124 123047 73316 120235 22868 7881 132689 38919 118789 44387 180274 64088 74777 121077 18862 39080 37971 126959 141705 30045 49413 90124 135343 159561 54369 133941 70626 3650 2982 123734 96342 872 78997 125452 123759 197000 124348 40905 145302 21737 180609 92605 194176 3162 191361 121635 179796 118806 71989 136651 134671 59467 142141 151741 132816 92022 119754 168828 88821 77548 35008 106056 19051 65553 184244 91349 82748 156841 43910 120641 3224 199735 26674 137809 114134 38101 122532 158095 78536 33379 52834 129477 137500 43293 31451 145992 168768 80203 97962 69958 55668 92280 106638 60023 159606 118953 19968 149208 196818 130920 129184 41644 173971 137602 126430
200
1 1 1 1 1 0 1 1 1 1 0 0 1 0 0 1 0 0 0 0 1 1 0 0 1 1 0 1 0 0 1 0 0 0 1 1 0 1 0 1 0 0 1 0 0 1 0 0 1 1 0 1 0 0 1 0 1 1 0 1 1 0 1 0 1 1 0 1 1 0 0 1 1 0 0 0 0 1 0 0 1 1 1 1 1 1 1 0 0 0 0 0 1 0 1 1 0 1 0 1 1 0 1 0 1 0 1 1 0 1 0 1 0 1 1 1 1 1 1 1 0 0 1 1 1 0 1 1 0 1 1 0 1 1 0 1 1 1 0 0 0 1 0 1 1 0 1 0 0 1 0 1 0 0 0 1 0 0 0 0 1 1 0 0 1 1 0 0 0 1 1 1 0 1 1 1 1 1 0 0 0 0 0 1 0 1 1 0 0 0 0 0 0 1 1 1 1 0 1 0
200
131073 131073 131073 65537 65537 65537 65537 131073 65537 65537 65537 131073 131073 131073 131073 65537 131073 131073 65537 131073 131073 65537 65537 65537 65537 65537 65537 65537 131073 131073 131073 65537 65537 131073 131073 65537 65537 65537 65537 131073 131073 131073 131073 131073 65537 131073 131073 65537 65537 65537 65537 65537 131073 131073 65537 65537 65537 65537 65537 65537 65537 131073 65537 65537 131073 65537 131073 131073 65537 131073 131073 65537 131073 131073 65537 131073 131073 65537 65537 65537 131073 131073 65537 131073 131073 65537 65537 131073 65537 131073 65537 131073 65537 65537 65537 131073 65537 65537 131073 65537 131073 131073 131073 65537 65537 131073 131073 131073 65537 65537 131073 131073 65537 131073 131073 65537 65537 65537 131073 131073 65537 65537 65537 65537 131073 65537 131073 65537 65537 65537 65537 131073 65537 131073 131073 65537 65537 131073 131073 131073 65537 131073 65537 131073 65537 65537 131073 131073 65537 65537 131073 65537 65537 131073 131073 65537 131073 131073 65537 65537 65537 65537 65537 131073 65537 65537 131073 131073 131073 65537 131073 65537 131073 65537 131073 131073 65537 131073 131073 131073 65537 65537 65537 65537 131073 131073 65537 65537 131073 65537 65537 131073 131073 65537 131073 65537 131073 131073 131073 131073
200
54663 11919 162756 183306 100695 0 110148 108504 87132 137685 87954 143850 177963 22477 4901 66924 75374 41405 0 45292 44616 35828 56615 36166 59150 73177 13566 2958 40392 45492 24990 0 27336 26928 21624 34170 21828 35700 44166 45619 9947 135828 152978 84035 0 91924 90552 72716 114905 73402 120050 148519 46284 10092 137808 155208 85260 0 93264 91872 73776 116580 74472 121800 150684 15162 3306 45144 50844 27930 0 30552 30096 24168 38190 24396 39900 49362 32452 7076 96624 108824 59780 0 65392 64416 51728 81740 52216 85400 105652 11305 2465 33660 37910 20825 0 22780 22440 18020 28475 18190 29750 36805 58254 12702 173448 195348 107310 0 117384 115632 92856 146730 93732 153300 189654 11970 2610 35640 40140 22050 0 24120 23760 19080 30150 19260 31500 38970 31654 6902 94248 106148 58310 0 63784 62832 50456 79730 50932 83300 103054 11571 2523 34452 38802 21315 0 23316 22968 18444 29145 18618 30450 37671 52934 11542 157608 177508 97510 0 106664 105072 84376 133330 85172 139300 172334 411 169 102 343 348 114 244 85 438 90 238 87 398 133 29 396 446 245 0 268 264 212 335 214 350 433 189589 79954 92630 8489 162040
3
65537 65537 131073
200
0 0 0 0 0 0 0 0 0 0 0 0 0 0 0 0 0 0 0 0 0 0 0 0 0 0 0 0 0 0 0 0 0 0 0 0 0 0 0 0 0 0 0 0 0 0 0 0 0 0 0 0 0 0 0 0 0 0 0 0 0 0 0 0 0 0 0 0 0 0 0 0 0 0 0 0 0 0 0 0 0 0 0 0 0 0 0 0 0 0 0 0 0 0 0 0 0 0 0 0 0 0 0 0 0 0 0 0 0 0 0 0 0 0 0 0 0 0 0 0 0 0 0 0 0 0 0 0 0 0 0 0 0 0 0 0 0 0 0 0 0 0 0 0 0 0 0 0 0 0 0 0 0 0 0 0 0 0 0 0 0 0 0 0 0 0 0 0 0 0 0 0 0 0 0 0 0 0 0 0 0 0 0 0 0 0 0 0 0 0 0 0 0 0 0 0 0 0 0 0
200
181123 54691 164569 5349 57642 2989 178599 83004 12219 138889 31348 89159 54672 172170 170634 158233 165504 77195 69283 103141 71315 97864 128007 10298 163214 87810 152701 70760 78319 58501 99807 31463 112821 148225 107326 82330 198328 49532 118233 43844 111374 138190 171693 44813 118859 116852 126907 66633 120851 173351 169160 136937 47361 28685 46971 58284 118335 78712 20087 142304 198030 61647 89890 132748 46632 64547 197200 46570 62069 46655 38436 19256 6251 169574 168769 16491 77148 151842 75156 114637 103412 158487 50266 10025 117219 97827 18459 139730 34877 171570 169073 28341 186553 100491 6821 114425 113474 51234 114145 28687 120748 193949 123894 124155 170650 168782 94896 8067 48218 119942 55904 48127 14323 40777 73349 34508 163534 170839 64122 37737 172023 185183 85544 106928 130327 117901 80679 165745 155715 25031 116303 132820 165325 196910 45098 156504 112813 96993 135448 30836 52792 59098 36728 36044 21340 55209 140289 46244 110283 88113 147886 7296 114600 198397 71381 51487 64789 39923 145935 76716 88793 81947 193967 179213 186134 162907 198792 22350 120752 29796 5148 180943 65978 24916 37443 196456 834 188800 141110 157024 184427 12071 43548 31775 186082 168851 105406 10512 120278 183907 180918 30331 47713 17114 6204 119171 17781 31605 114183 180586
200
166461 189121 159331 196206 19537 18980 180325 81151 64814 198016 74878 70227 7368 77722 44588 143629 160782 136060 120587 184993 60174 131148 112431 189911 4621 157879 183668 47614 119157 32855 138622 39291 183575 114716 35821 149005 29055 146662 25096 43492 176237 196513 49164 11583 174761 70116 82544 151923 198683 169231 83694 35665 131295 71916 80987 48096 74877 85027 87575 100797 104343 134782 160732 44155 126759 192394 179183 159647 101506 167376 45742 58953 72302 154743 57762 53784 30936 26634 69366 145481 946 44866 6750 52753 13115 186864 193176 4900 34469 81951 62367 176050 28632 21742 23779 58111 140232 30309 41124 128377 91664 51356 155884 8396 42315 26471 68415 156789 81883 86766 91727 25606 31679 152840 153782 155106 62874 183819 30348 124741 35227 197639 165168 49001 66753 89549 91607 144157 61566 180361 18807 175646 25902 193257 57966 51978 107671 198491 188998 192102 23944 148787 44674 191201 8418 154872 135709 120016 161190 29853 197375 152428 95261 176262 188966 119819 179571 137499 86379 68726 58874 165364 199918 123373 148486 34515 75172 102113 133829 148274 59608 180630 18366 91727 188064 149944 56378 83543 104447 182637 164544 156132 104980 152435 164518 188595 18065 90614 72720 84391 145187 25113 139891 137810 33608 12173 11045 75162 114266 94756
200
18249 37573 133843 18253 135092 145950 45844 71136 129139 112692 72243 108226 51823 199805 7924 89959 47636 84813 11125 165884 144311 55815 19553 126416 26045 58898 94261 106134 130359 86290 23117 110267 32218 113175 28663 67892 45699 198926 67541 146727 99874 167586 84296 97947 57132 139983 142025 115363 106097 177024 48733 195781 96768 177865 21008 37577 153089 194834 160105 29399 95375 125988 121288 105072 174493 88491 182061 46249 122567 16173 62764 99786 148753 3992 182670 134285 47189 116653 113996 20069 45189 100230 120298 145469 86636 74920 95276 163382 84858 103074 85541 183732 118346 108808 110602 93781 67263 119269 10319 187504 113090 139715 199465 167852 166936 194534 73473 164283 162491 120340 170637 126252 142903 47430 115042 140166 121387 6674 11552 151104 175302 49014 113232 119186 120469 189114 142935 169097 47922 114776 46093 54453 160314 44693 122647 86042 47465 95658 101109 176602 168627 114529 25896 1225 15536 92781 116307 123875 183878 99719 128123 161093 4964 90237 135149 103360 51633 60643 65485 118292 86217 135346 102643 122328 108868 87356 23067 79830 164486 93611 66365 59191 156794 197948 60103 33436 8044 11363 47847 121386 141351 147706 172090 3649 108872 56746 148426 142912 58405 105705 198860 184093 755 128870 124711 84073 21986 128839 140060 99558
