30
6
5 2 4 6 3 1
6
2 4 8 16 32 64
3
1 1 1
3
200000 200000 200000
200
0 0 0 0 0 0 0 0 0 0 0 0 0 0 0 0 0 0 0 0 0 0 0 0 0 0 0 0 0 0 0 0 0 0 0 0 0 0 0 0 0 0 0 0 0 0 0 0 0 0 0 0 0 0 0 0 0 0 0 0 0 0 0 0 0 0 0 0 0 0 0 0 0 0 0 0 0 0 0 0 0 0 0 0 0 0 0 0 0 0 0 0 0 0 0 0 0 0 0 0 0 0 0 0 0 0 0 0 0 0 0 0 0 0 0 0 0 0 0 0 0 0 0 0 0 0 0 0 0 0 0 0 0 0 0 0 0 0 0 0 0 0 0 0 0 0 0 0 0 0 0 0 0 0 0 0 0 0 0 0 0 0 0 0 0 0 0 0 0 0 0 0 0 0 0 0 0 0 0 0 0 0 0 0 0 0 0 0 0 0 0 0 0 0 0 0 0 0 0 0
200
155168 13118 132301 100048 165452 47059 12321 162649 170703 126247 83678 140295 58632 79983 166876 94543 179898 162547 108026 80656 103543 124272 110852 191642 152885 108376 104779 53834 127185 149355 16065 127221 14745 146371 198776 93973 32379 130820 168518 56176 61397 70575 38411 29247 144915 15273 170987 59846 185864 25055 129417 35319 176001 35279 143584 137509 183067 54329 70749 822 116893 46463 97018 197075 141373 54213 103842 65449 121305 13719 177862 125436 146210 184844 49762 142562 42282 23674 173957 86860 83087 145777 56200 95011 145447 143473 195466 116015 154665 101143 94927 141146 128873 117897 183835 158519 117214 90165 19023 97619 7009 106326 17174 14204 81158 35756 95895 107887 78718 85514 163056 64930 27568 128190 62601 68340 74110 84580 160617 128367 63736 178364 30030 134114 164704 44997 100146 100107 78839 176041 198675 153695 150137 23601 160447 187091 100128 67678 47022 195402 122815 84975 103872 68065 52887 8857 181420 171357 173268 184812 51403 50833 195460 7840 97449 157144 44359 27445 116201 144859 82700 33738 48164 175625 26535 93576 96298 81942 76711 64634 9630 141152 9329 43925 7931 57432 176879 78921 905 76054 153644 113494 132551 143312 89166 21741 198813 34516 137249 61502 34825 160216 159885 92150 156420 16912 156601 138520 48831 142891
200
87360 58032 76336 58864 23296 32448 22464 73632 83616 7488 60944 31408 32340 21483 28259 21791 8624 12012 8316 27258 30954 2772 22561 11627 12600 8370 11010 8490 3360 4680 3240 10620 12060 1080 8790 4530 153720 102114 134322 103578 40992 57096 39528 129564 147132 13176 107238 55266 107940 71703 94319 72731 28784 40092 27756 90978 103314 9252 75301 38807 420 279 367 283 112 156 108 354 402 36 293 151 90300 59985 78905 60845 24080 33540 23220 76110 86430 7740 62995 32465 139440 92628 121844 93956 37184 51792 35856 117528 133464 11952 97276 50132 60480 40176 52848 40752 16128 22464 15552 50976 57888 5184 42192 21744 104160 69192 91016 70184 27776 38688 26784 87792 99696 8928 72664 37448 144060 95697 125881 97069 38416 53508 37044 121422 137886 12348 100499 51793 51660 34317 45141 34809 13776 19188 13284 43542 49446 4428 36039 18573 208 77 30 366 257 1 215 332 144 248 343 123 420 279 367 283 112 156 108 354 402 36 293 151 193344 6659 197424 168046 13282 97538 70247 71977 106617 6497 175105 108244 87998 164412 178379 49982 132668 71227 118750 22154 144630 21393 133553 74916 182972 124578 98885 170502 104284 52803 130584 174574
200
37800 28404 6912 13068 37692 45468 26892 18684 26136 19548 37260 67200 50496 12288 23232 67008 80832 47808 33216 46464 34752 66240 149100 112038 27264 51546 148674 179346 106074 73698 103092 77106 146970 143850 108093 26304 49731 143439 173031 102339 71103 99462 74391 141795 44800 33664 8192 15488 44672 53888 31872 22144 30976 23168 44160 45500 34190 8320 15730 45370 54730 32370 22490 31460 23530 44850 29400 22092 5376 10164 29316 35364 20916 14532 20328 15204 28980 147700 110986 27008 51062 147278 177662 105078 73006 102124 76382 145590 37800 28404 6912 13068 37692 45468 26892 18684 26136 19548 37260 152600 114668 27904 52756 152164 183556 108564 75428 105512 78916 150420 21000 15780 3840 7260 20940 25260 14940 10380 14520 10860 20700 108 192 426 411 128 130 84 422 108 436 60 350 263 64 121 349 421 249 173 242 181 345 56867 31379 45055 140694 20155 109649 156304 13969 120029 97026 73841 98646 10187 109369 146117 172706 3410 56964 12603 9443 170704 19972 62431 102535 132662 15935 146416 99175 179064 97919 178019 133976 178547 89536 105912 134849 103258 177075 55091 135107 161393 138114 17425 119502 96511 87498 95586 102005 38451 57565 34333 177258 72800 66688 93384 110347 126823
200
139744 187282 123929 41729 251 14042 26377 175241 98990 108740 111779 10108 47500 48402 81945 3597 43413 53099 21535 116641 184656 64863 132806 48144 192695 157533 182088 127850 194313 179222 137696 37244 65225 109046 41952 12900 39934 88227 77288 70474 80094 86370 30358 7927 48457 181755 22188 55717 99885 129731 160299 37877 84114 60814 186801 128973 180067 135933 123240 67702 154730 11059 117597 31699 114498 111549 78471 130481 118702 129467 150143 162212 115974 180205 61794 136610 141185 109436 19369 37001 144393 166432 164457 123597 33984 130162 120862 166488 136136 155668 54525 156808 62303 151510 109063 52069 81686 149947 96201 49049 183101 199432 195250 75011 48021 94198 193021 51105 92803 64872 85102 139334 175380 34276 83407 182130 9552 111960 134505 156009 85769 75157 45603 87460 135826 32274 20294 56157 41361 77105 103878 103500 132804 150098 171830 69265 4752 125732 59840 41201 25324 198269 151154 36847 134545 158304 176492 48697 162127 118621 5721 67516 198154 62726 24158 84242 158597 7423 41214 71686 116722 44294 46683 179432 84901 132962 179985 24292 144820 52418 157611 190875 83805 158541 185705 31404 7739 146177 123971 115395 9740 86903 192831 71435 28466 87945 192615 18434 77604 97304 64026 198206 172164 103980 74224 123245 65765 165509 88796 120212
200
0 0 1 0 1 0 1 1 1 1 1 0 0 1 0 1 0 0 0 1 1 0 0 0 0 1 0 0 0 1 1 1 0 0 1 1 0 0 1 0 0 0 1 1 1 1 0 0 0 0 0 1 1 1 1 1 0 0 1 1 0 1 0 0 0 0 0 1 1 1 1 0 1 0 0 1 0 0 1 0 0 1 1 0 1 1 1 1 1 0 0 0 0 1 0 0 0 0 0 1 1 1 0 1 1 1 0 1 0 0 1 1 1 0 0 0 1 0 1 1 0 0 0 0 0 0 0 0 1 0 0 0 1 1 1 1 0 0 1 1 1 0 0 1 1 1 0 1 1 0 0 0 0 1 0 0 0 1 1 1 1 0 0 1 0 0 1 0 0 0 1 1 1 0 0 1 1 0 0 1 1 0 1 0 1 1 1 1 0 0 0 1 0 1 1 1 1 0 0 0
200
151397 29909 73405 110149 60159 39958 162615 14768 102067 95245 7249 178148 170501 196793 105784 148634 22182 42359 91896 55992 30547 35703 13460 4596 75898 84089 142728 186656 62753 116349 116963 177511 39499 28571 14968 110960 198165 145834 112424 133783 100511 115571 23942 50456 44174 23296 50812 150713 50241 124111 153828 166216 122626 70420 136574 57694 172269 125942 63731 100962 92625 22409 98132 96135 65894 59169 32498 37493 4801 168624 199422 141245 155399 156325 160373 37530 139028 55096 86094 182062 91668 25397 157567 129146 145848 191637 27187 88710 119661 19532 119584 86678 21031 148671 16137 191822 46599 180931 16472 6162 60695 44256 9567 184700 187847 46502 88696 112454 146525 101533 173022 114873 66718 103887 3831 116101 65995 5249 170936 193619 5099 55551 73090 120195 120569 29387 75866 137267 109954 98235 91843 27772 25580 143262 38023 6107 83994 108721 14240 34848 149101 134100 86400 78699 167659 53350 51821 61989 186605 99562 123116 97859 44340 10515 99204 166323 150574 191201 180900 23311 159130 78806 169670 117397 127073 116661 77862 79076 89625 31767 88639 173647 110140 33715 163653 196863 52450 125386 111748 186439 172342 82078 21071 122536 8189 165591 114367 78353 50163 782 66279 7793 62710 180656 60689 50952 167181 159249 21714 56218
200
20491 132447 185680 135094 166158 62116 123881 68225 99412 124526 139836 148139 87813 90107 151309 23383 59393 175240 164131 45198 168706 17000 137926 17300 25399 67479 106729 71053 176134 135024 166204 174516 68998 37008 10492 174831 95458 155780 192791 94609 189115 155126 169566 134893 44071 198614 194380 75546 117298 125322 115341 16231 87753 2925 85392 189054 175653 97842 16531 60167 24955 101238 43139 88867 96885 24993 89055 153256 152924 154855 124321 61572 24274 184544 142123 98064 24146 17418 69560 106839 191829 27033 53633 85918 148545 158398 163135 149929 38603 35628 131046 74839 199349 22129 64407 162497 139751 103078 63908 186910 64520 32421 27789 36933 39464 19267 25665 69131 164609 114637 108692 185572 159558 38990 28920 113619 19984 41188 173372 70665 151985 86162 92041 143977 72917 189125 82439 139142 1827 127080 186716 187980 195831 11057 12600 69030 171735 7161 91125 30249 73059 113066 184492 82446 28835 124062 157656 98137 111706 50780 46774 3763 153932 186790 27380 120100 115038 171541 176381 64224 46118 58660 76581 54079 141126 89577 105302 42302 199879 104186 184814 173481 53895 128539 71741 169581 114168 15700 73157 74170 76168 100360 191703 168342 159904 117479 41836 141227 91462 24182 87796 110425 160576 142354 118240 155558 108777 171360 196630 41538
200
3848 4628 7644 1248 9958 7436 9308 4654 10920 7410 780 1036 1246 2058 336 2681 2002 2506 1253 2940 1995 210 41884 50374 83202 13584 108389 80938 101314 50657 118860 80655 8490 15244 18334 30282 4944 39449 29458 36874 18437 43260 29355 3090 12728 15308 25284 4128 32938 24596 30788 15394 36120 24510 2580 63640 76540 126420 20640 164690 122980 153940 76970 180600 122550 12900 15392 18512 30576 4992 39832 29744 37232 18616 43680 29640 3120 4144 4984 8232 1344 10724 8008 10024 5012 11760 7980 840 20276 24386 40278 6576 52471 39182 49046 24523 57540 39045 4110 9620 11570 19110 3120 24895 18590 23270 11635 27300 18525 1950 23532 28302 46746 7632 60897 45474 56922 28461 66780 45315 4770 26 7 283 103 86 430 104 28 137 65 159 148 178 294 48 383 286 358 179 420 285 30 149847 10485 49725 122401 104763 142721 147499 190177 85224 59830 198031 195614 61415 126726 195836 125475 60810 14438 63088 67529 50688 79061 196530 81342 50484 148413 107925 23104 143099 93975 122490 161460 143778 134187 38291 25455 59102 101158 60555 76210 171434 123920 104963 67115 19782 14759 55283 110668 170233 66471 80805 186511 125867 180066 62617 21814 10838
200
188825 69320 18949 135667 168614 130183 65925 57648 39371 28955 178635 7644 35529 68000 86105 44578 91890 126771 122174 53149 89995 135737 59150 185197 84301 17108 87379 173601 95586 198563 168360 45237 147645 142884 104897 10972 74870 192323 35326 59954 31640 174479 140619 117536 94473 73542 88548 185514 174191 183673 76779 173164 147927 186375 152109 94160 122594 136633 45959 175107 156464 21544 46259 63044 131877 152147 120446 63175 149664 6923 114736 112301 62067 158515 194714 131763 91379 93491 122452 6600 184266 13317 46697 30953 64237 36704 65669 105725 20918 149479 48745 111386 11861 58980 132623 147710 41387 66221 116017 185414 101283 199485 67430 175280 119035 32338 43895 103390 93794 155946 179477 133312 19858 122487 13934 111137 133060 111660 93800 93952 159299 48792 143234 67468 24216 6260 58409 79672 66687 170822 147470 191759 54491 165111 133252 29558 24308 128011 56564 116626 191692 64561 114210 118263 125195 2838 117258 180083 172572 54782 146611 18742 31112 22849 65439 41992 13397 8534 140812 2047 97052 162847 22969 128022 3754 153729 27489 69299 64747 146805 71633 93404 195209 2163 112218 116520 126842 119883 145540 139169 85942 131208 191938 147907 197059 5537 30421 18236 192486 188565 151844 192958 87167 95674 153817 14655 73684 77428 21500 138205
200
185296 15313 3755 77042 95486 125317 171998 142824 80985 138256 47002 133047 26517 97779 81191 153960 116749 59757 15564 159693 62382 23855 2835 136099 11356 147928 54632 110219 190946 108750 191300 76720 147182 143037 161940 115165 19795 50679 84811 76353 101481 164875 192593 194344 165225 101845 137702 17405 66276 91501 8166 177106 120014 183524 60559 140101 76137 185358 7069 186748 168011 140114 60886 70447 162690 100527 47384 189076 175767 199675 18450 109573 152382 128252 88873 142856 143945 351 138040 52837 18522 160216 174254 157257 165276 105393 38163 38033 90342 166800 24963 107566 167012 16373 12143 69298 129592 90002 27941 84438 8730 39178 11652 154430 183462 140099 73958 122120 123798 192055 49246 164770 145373 199920 7766 197090 90762 182888 138260 8202 91643 38146 196406 54860 109122 142315 110977 148825 111093 93997 35921 127189 191053 111005 160673 12407 105326 57561 78759 184835 167070 844 96862 78112 38208 54703 151343 105206 179188 147071 59226 54436 115429 80191 116298 47277 142670 195437 40150 180694 47354 129482 3126 196829 46548 70647 34416 12475 178352 94692 75240 181526 106969 724 120826 162949 157926 111969 146207 194707 159312 172031 86279 146608 174574 4887 151908 120394 30838 44697 171828 19155 37212 161682 48164 176703 23514 174666 74009 128782
200
7952 10416 10528 43008 40768 10976 7056 49392 42672 24850 32550 32900 134400 127400 34300 22050 154350 133350 15478 20274 20492 83712 79352 21364 13734 96138 83058 12425 16275 16450 67200 63700 17150 11025 77175 66675 5325 6975 7050 28800 27300 7350 4725 33075 28575 0 0 0 0 0 0 0 0 0 2414 3162 3196 13056 12376 3332 2142 14994 12954 26696 34968 35344 144384 136864 36848 23688 165816 143256 1491 1953 1974 8064 7644 2058 1323 9261 8001 112 350 218 175 75 0 34 376 21 71 93 94 384 364 98 63 441 381 141882 98586 64411 36356 153038 66087 13374 128293 191915 131375 10923 7858 128213 49679 131235 32891 175771 31048 199234 54783 15041 132053 87274 102581 107243 166754 142386 179901 150152 146412 6412 113196 199126 34017 187244 53671 150246 100168 192808 174766 21309 133312 171356 60044 125230 27547 112516 127563 45875 127422 58586 52098 134962 86599 109867 37754 47810 484 94660 15008 98890 106745 151975 165996 79392 91810 114444 125175 158098 42189 87445 64776 101509 11111 191335 104074 88893 124339 92096 2479 195170 40701 95368 28217 49987 166967 125673 97018 54058 38364 149941 31047 21123 72199 77336 22859 98989 192148 120490 100183 148697
200
145625 108617 70920 93939 77937 59630 125302 128326 158160 84347 106726 63144 109390 154576 173114 163517 18629 99032 117107 106123 191964 52514 166942 196748 180128 160237 118504 102286 128274 23715 30957 6651 59975 78747 112437 24949 129540 127275 106817 184109 101597 24271 183543 161268 155070 96909 72872 123020 118444 138096 60167 133826 50564 79177 16901 81135 58821 129604 13396 101071 79744 58367 115014 12 45568 79046 175359 18022 50484 16258 2077 185668 123079 186903 197002 30981 137467 134270 79861 64388 192437 154493 165716 5347 39573 10310 48269 45231 88487 160732 41853 137772 115585 75478 50536 80656 93601 22763 119273 146784 156372 59024 130764 54004 160464 3144 120254 98002 100737 68400 189482 123103 82649 62357 102301 156524 191188 36165 155615 157191 195757 79387 157541 162266 3807 173310 154928 133576 57756 146807 164882 134834 21385 179983 148807 194116 86401 39713 5939 83831 78785 32965 197650 130785 124812 85807 61793 10907 182523 158319 179018 123349 71800 7264 20172 119537 182531 165197 124160 34273 150646 17301 76902 82220 38881 142432 51495 35902 39033 44556 56377 82095 14359 132050 189721 196541 158363 51339 162041 92064 193549 34091 193950 42449 178337 80529 87179 183469 130732 142869 113804 79542 138689 188621 199599 157885 131634 6010 176974 113383
3
65537 65537 131073
200
65537 131073 131073 65537 65537 131073 131073 131073 131073 131073 65537 65537 65537 65537 131073 65537 65537 131073 65537 131073 65537 131073 65537 131073 65537 65537 131073 131073 65537 65537 131073 65537 131073 65537 65537 65537 131073 65537 131073 65537 131073 65537 65537 131073 65537 131073 131073 65537 65537 65537 65537 65537 131073 131073 65537 65537 131073 131073 65537 131073 131073 131073 131073 65537 65537 65537 65537 65537 65537 131073 65537 65537 131073 65537 65537 65537 65537 65537 65537 131073 65537 131073 65537 131073 65537 131073 131073 65537 131073 65537 65537 131073 131073 131073 65537 65537 65537 131073 65537 65537 65537 65537 131073 65537 131073 131073 65537 131073 65537 131073 131073 131073 65537 65537 65537 65537 131073 65537 131073 65537 65537 65537 65537 65537 131073 65537 65537 65537 65537 131073 131073 131073 131073 65537 65537 65537 65537 65537 65537 65537 131073 65537 65537 131073 65537 65537 65537 131073 131073 65537 65537 65537 65537 131073 131073 131073 65537 65537 131073 65537 65537 65537 131073 131073 65537 131073 131073 131073 131073 65537 65537 131073 65537 131073 65537 65537 65537 65537 131073 65537 131073 131073 65537 65537 131073 65537 131073 65537 131073 131073 65537 65537 131073 131073 131073 65537 65537 131073 65537 131073
200
106896 100374 107338 107571 125721 42665 57789 163040 40300 28250 111621 43622 40259 57752 21749 118370 98199 89938 30211 79361 156877 174749 125840 10443 88110 157696 113520 113391 43352 194099 7310 98663 120336 35828 171364 187348 173021 67246 29194 98926 134348 180349 55968 64356 83376 2170 122108 110814 22057 27136 27348 77672 81471 125231 112316 32813 31114 29215 39941 144545 118920 81137 9526 146589 86846 55389 71754 181991 160199 28948 84940 76458 189443 27751 149601 38527 78880 51977 7734 30465 59375 22667 184282 167967 124192 52981 199517 96480 69787 15397 190848 16162 7387 25375 41534 169009 31182 52070 57148 14247 46856 22921 81397 67011 17225 127587 442 177293 77042 105484 104393 162081 155093 149896 191188 55657 97041 47663 183431 190751 72545 90294 2823 184958 182919 18824 2084 106576 59371 39840 100297 85647 124100 52604 128971 125761 171807 182285 62952 194121 26344 18269 63927 30922 42331 66431 153941 131746 146525 154303 66607 142118 5829 67299 25780 32910 189729 7027 34353 156204 82621 43758 50369 37637 14579 69791 176974 147644 76292 192335 132900 100566 151238 58495 27716 101046 21541 64507 20677 172266 88146 131261 12705 48613 22722 53935 198084 155570 132749 150127 52290 102132 125359 98886 153706 190785 193431 5752 85154 56394
200
1 1 1 1 1 1 1 1 1 1 1 1 1 1 1 1 1 1 1 1 1 1 1 1 1 1 1 1 1 1 1 1 1 1 1 1 1 1 1 1 1 1 1 1 1 1 1 1 1 1 1 1 1 1 1 1 1 1 1 1 1 1 1 1 1 1 1 1 1 1 1 1 1 1 1 1 1 1 1 1 1 1 1 1 1 1 1 1 1 1 1 1 1 1 1 1 1 1 1 1 1 1 1 1 1 1 1 1 1 1 1 1 1 1 1 1 1 1 1 1 1 1 1 1 1 1 1 1 1 1 1 1 1 1 1 1 1 1 1 1 1 1 1 1 1 1 1 1 1 1 1 1 1 1 1 1 1 1 1 1 1 1 1 1 1 1 1 1 1 1 1 1 1 1 1 1 1 1 1 1 1 1 1 1 1 1 1 1 1 1 1 1 1 1 1 1 1 1 1 1
200
38808 18788 46816 25564 10164 46816 52668 113036 76076 136444 1638 793 1976 1079 429 1976 2223 4771 3211 5759 34272 16592 41344 22576 8976 41344 46512 99824 67184 120496 45108 21838 54416 29714 11814 54416 61218 131386 88426 158594 53802 26047 64904 35441 14091 64904 73017 156709 105469 189161 46116 22326 55632 30378 12078 55632 62586 134322 90402 162138 32004 15494 38608 21082 8382 38608 43434 93218 62738 112522 34020 16470 41040 22410 8910 41040 46170 99090 66690 119610 10962 5307 13224 7221 2871 13224 14877 31929 21489 38541 55566 26901 67032 36603 14553 67032 75411 161847 108927 195363 308 13 272 358 427 366 254 270 87 441 126 61 152 83 33 152 171 367 247 443 106639 83603 196118 145866 125855 122775 112579 193659 199850 18764 124094 137081 96936 192843 153706 38653 28282 68345 63279 176324 34632 110385 131631 191923 159409 115141 194541 187234 172212 106813 15668 169592 12894 152583 72154 136445 90878 195919 130810 183927 165458 49133 79440 50119 118620 167876 34290 145161 152449 125076 154342 163975 190723 89517 131081 99554 65271 136038 168465 154988 97248 133278 178189 108787 52709 31438 59911 144478 101353 50902 14720 123828 171485 64214 4863 189171 23465 99274 86572 183056
200
0 0 0 0 0 0 0 0 0 0 0 0 0 0 0 0 0 0 0 0 0 0 0 0 0 0 0 0 0 0 0 0 0 0 0 0 0 0 0 0 0 0 0 0 0 0 0 0 0 0 0 0 0 0 0 0 0 0 0 0 0 0 0 0 0 0 0 0 0 0 0 0 0 0 0 0 0 0 0 0 0 0 0 0 0 0 0 0 0 0 0 0 0 0 0 0 0 0 0 0 63156 40701 82049 149364 169172 188752 21821 30737 195219 79650 27476 89391 6533 106556 72562 189775 116403 147942 22580 149348 193980 79621 168963 6553 85185 160625 194381 66978 103320 160840 1148 182981 34647 178639 25322 177673 44288 44024 114151 132709 288 24562 132652 182072 105765 72603 837 129058 165373 4512 154143 160974 176694 182257 44686 89697 121453 114870 138901 26096 179707 6764 73633 74402 133693 183863 172168 18355 187310 142082 160546 108355 14862 104469 156079 93586 128091 155842 97543 123466 4463 171901 42599 141023 44714 34618 12131 177453 184995 804 19087 91784 56236 138495 16665 165832 109135 71760 19346 187431
200
242 3674 1452 462 1804 1551 3806 3641 4686 7370 111890 44220 14070 54940 47235 115910 110885 142710 814 12358 4884 1554 6068 5217 12802 12247 15762 8778 133266 52668 16758 65436 56259 138054 132069 169974 3168 48096 19008 6048 23616 20304 49824 47664 61344 3564 54108 21384 6804 26568 22842 56052 53622 69012 4158 63126 24948 7938 30996 26649 65394 62559 80514 2904 44088 17424 5544 21648 18612 45672 43692 56232 1628 24716 9768 3108 12136 10434 25604 24494 31524 11 335 37 399 144 162 189 132 74 22 334 132 42 164 141 346 331 426 25691 67151 5437 177561 66630 65017 85463 68717 120482 1848 182572 93656 198590 112505 183512 24027 114229 20696 78137 122475 181923 144806 178027 20643 194239 64751 80693 28904 181944 55230 194315 112400 181439 96733 12079 87141 186263 45142 19299 174842 137069 195130 69382 6664 82023 189516 13186 68028 184190 191715 166430 29440 137012 66566 174161 175615 197160 174054 150385 67407 148259 146212 86839 152414 17628 103174 20004 36517 140274 175402 139228 124953 34728 45133 51781 130713 73589 63700 190480 57116 142334 91014 133407 3039 193645 22197 29050 174875 22811 37912 145140 147741 182077 118430 155990 82040 151881 128107 36814 104072 5537
200
45958 102133 198895 149222 113731 23155 118393 89908 170792 93538 197819 182940 70685 98953 84583 49667 187224 46354 80525 174011 31260 69975 97335 138158 3588 144737 152259 37902 90184 185643 96655 142334 106711 176363 73102 185576 44920 195941 161561 2534 144233 198299 133044 181750 89382 62607 90104 58999 33544 189122 45719 50160 199220 128779 80251 32670 126879 108013 75091 83383 57016 29580 48759 165495 78708 43144 142883 82376 188734 86625 58499 180410 49389 92012 138492 102476 187219 141411 179514 72225 169502 120259 77350 72555 129026 121779 156295 159757 155820 131655 118016 144276 161494 56088 20304 45821 141966 37026 144420 14466 64468 52508 98348 20718 148432 175594 140132 196967 74017 122490 198581 167886 741 148761 51217 169189 169508 182038 174112 31033 83411 144526 87109 86858 8829 148083 104890 26655 104585 156313 106193 99413 124771 183653 115543 132314 95404 161535 49856 123145 28926 175712 118444 112179 31112 141519 163155 112638 60293 120260 184302 76350 147584 166182 165110 126813 175465 102290 28906 128426 16422 6229 64172 62768 150506 25180 190851 146120 26799 125639 150 199967 74513 198014 124944 50949 124544 122646 185957 95911 79366 112603 54190 136386 73944 99113 94445 6168 49836 41267 179902 153768 161951 155170 95198 84908 117246 164991 193501 131741
200
0 0 0 0 0 0 0 0 0 0 0 0 0 0 0 0 0 0 0 0 0 0 0 0 0 0 0 0 0 0 0 0 0 0 0 0 0 0 0 0 0 0 0 0 0 0 0 0 0 0 0 0 0 0 0 0 0 0 0 0 0 0 0 0 0 0 0 0 0 0 0 0 0 0 0 0 0 0 0 0 0 0 0 0 0 0 0 0 0 0 0 0 0 0 0 0 0 0 0 0 83726 60275 77396 183165 128539 131754 175347 39120 142702 183549 39497 109969 187421 158547 98707 21633 17834 93126 67209 168624 199768 143569 99836 198270 100105 54503 121896 199970 192706 72154 143323 56759 42560 30071 124513 97208 26849 23987 63408 193233 70617 181263 123249 105427 26858 167612 159140 58342 94351 44747 139531 48697 155290 133048 111857 28763 187208 115584 92899 4520 106707 34830 74704 51482 10406 194087 96497 84045 48213 37799 146745 49109 91061 129703 7993 124799 18472 39700 182783 16234 5953 35078 50271 39668 156516 168000 93384 77014 27898 169132 173983 142578 21525 26234 87150 46362 180188 120391 44529 70033
200
1 1 1 1 1 0 1 0 1 1 0 0 1 1 0 1 1 1 0 0 1 0 1 0 0 1 1 1 0 0 1 0 1 0 0 0 1 0 1 1 0 1 0 1 0 0 1 1 0 0 0 1 1 0 0 0 0 1 1 0 0 0 0 0 0 0 1 1 1 1 0 0 1 1 1 0 1 0 0 0 1 1 0 1 0 0 1 0 1 1 0 0 1 0 0 0 0 1 0 0 0 1 0 0 0 0 0 0 1 1 1 1 1 1 1 0 1 0 0 1 0 1 1 1 0 0 1 0 1 0 1 0 0 1 0 1 0 1 1 0 1 1 1 0 0 0 1 0 1 1 0 0 0 1 0 1 0 1 0 0 0 1 0 0 1 0 1 0 1 1 1 1 0 1 1 1 1 0 1 1 0 0 1 1 1 1 1 0 0 1 1 1 1 0 0 0 0 1 0 1
200
33366 37587 58290 42210 34371 34773 65325 37184 41888 64960 47040 38304 38752 72800 31706 35717 55390 40110 32661 33043 62075 43990 49555 76850 55650 45315 45845 86125 44156 49742 77140 55860 45486 46018 86450 46148 51986 80620 58380 47538 48094 90350 60424 68068 105560 76440 62244 62972 118300 201 224 191 265 266 278 364 166 187 290 210 171 173 325 73510 92968 194658 140502 96402 9210 29213 32675 51527 170431 105045 33927 30268 31356 73664 114465 168551 22897 173035 199769 24539 143260 72296 4121 128921 40860 86356 159255 184342 121229 3340 156265 95523 44799 37448 199460 64188 99502 32836 76060 38173 137545 128267 9541 172387 19665 39528 150614 161689 116289 7744 49642 2581 38241 149902 5327 96129 77650 128996 129593 141797 61649 31346 20747 35325 96551 25784 84559 129370 160899 88534 72321 137247 108350 89895 173491 134041 142322 487 153453 196406 190190 7161 48119 168324 69756 135829 33727 172785 100190 74008 28464 107956 141745 23104 55309 169901 173649 15148 74836 186964 83935 89756 97226 147393 133634 123911 35429 173485 30914 102781 36073 156617 172546 23033 198658 132536 14635 195842 35012 183376 25112 70154 122327 163131 117773 19232 3092 122697 93247 121776 106595 59256 103012 199069 12945 123059
200
200000 200000 200000 200000 200000 200000 200000 200000 200000 200000 200000 200000 200000 200000 200000 200000 200000 200000 200000 200000 200000 200000 200000 200000 200000 200000 200000 200000 200000 200000 200000 200000 200000 200000 200000 200000 200000 200000 200000 200000 200000 200000 200000 200000 200000 200000 200000 200000 200000 200000 200000 200000 200000 200000 200000 200000 200000 200000 200000 200000 200000 200000 200000 200000 200000 200000 200000 200000 200000 200000 200000 200000 200000 200000 200000 200000 200000 200000 200000 200000 200000 200000 200000 200000 200000 200000 200000 200000 200000 200000 200000 200000 200000 200000 200000 200000 200000 200000 200000 200000 200000 200000 200000 200000 200000 200000 200000 200000 200000 200000 200000 200000 200000 200000 200000 200000 200000 200000 200000 200000 200000 200000 200000 200000 200000 200000 200000 200000 200000 200000 200000 200000 200000 200000 200000 200000 200000 200000 200000 200000 200000 200000 200000 200000 200000 200000 200000 200000 200000 200000 200000 200000 200000 200000 200000 200000 200000 200000 200000 200000 200000 200000 200000 200000 200000 200000 200000 200000 200000 200000 200000 200000 200000 200000 200000 200000 200000 200000 200000 200000 200000 200000 200000 200000 200000 200000 200000 200000 200000 200000 200000 200000 200000 200000 200000 200000 200000 200000 200000 200000
200
45662 54036 53404 36972 45504 25596 45978 17380 41080 66676 58460 39974 11534 87856 103968 102752 71136 87552 49248 88464 33440 79040 128288 112480 76912 22192 48841 57798 57122 39546 48672 27378 49179 18590 43940 71318 62530 42757 12337 73117 86526 85514 59202 72864 40986 73623 27830 65780 106766 93610 64009 18469 12138 14364 14196 9828 12096 6804 12222 4620 10920 17724 15540 10626 3066 112999 133722 132158 91494 112608 63342 113781 43010 101660 165002 144670 98923 28543 123981 146718 145002 100386 123552 69498 124839 47190 111540 181038 158730 108537 31317 103751 122778 121342 84006 103392 58158 104469 39490 93340 151498 132830 90827 26207 102306 121068 119652 82836 101952 57348 103014 38940 92040 149388 130980 89562 25842 120802 142956 141284 97812 120384 67716 121638 45980 108680 176396 154660 105754 30514 125137 148086 146354 101322 124704 70146 126003 47630 112580 182726 160210 109549 31609 28611 33858 33462 23166 28512 16038 28809 10890 25740 41778 36630 25047 7227 53754 63612 62868 43524 53568 30132 54126 20460 48360 78492 68820 47058 13578 158 304 169 253 42 391 429 359 354 418 433 99 186 289 342 338 234 288 162 291 110 260 422 370 253 73 23361 120219 130586 163213 161964
