100
5 1
3 1 4 1 5 9
2 7 1 8 2 9
4 8 15 16 23 42
400000 1
0 0 0 0 0 1000000000
35550385 102355855 47351897 69503787 104733403 108629790
100705477 357384793 306981553 552395568 629063047 740833827
400000 1
251985513 84637249 257486142 250852520 26984481 311567048
251985513 84637249 257486142 250852520 26984481 311567048
225322 396663 296611 384757 38566 400000
298005 1
685075187 119010548 5847164 456867548 133343861 710551760
19411216 156358888 184189694 175756206 51921557 200205191
787120167 13721523 764891195 152343716 16564111 843636556
400000 1
400816761 216335646 338434336 200080046 399735538 442000442
400816761 216335646 338434336 200080046 399735538 442000442
177360 109687 247580 370808 103 400000
18085 1
12615071 27829261 15285978 3738574 5411067 30749547
141287351 393929182 332148941 418437112 402391324 421251198
12636698 1950180 2242747 18068758 13428333 117145303
276399 1
0 0 0 0 0 1000000000
999999999 999999999 0 0 999999999 1000000000
475178596 818401354 161168864 502659844 740330998 859496439
1 1
0 0 0 0 0 1
0 0 0 0 0 1
999999999 999999999 0 0 999999999 1000000000
400000 1
0 0 0 0 0 1
999999999 999999999 0 0 999999999 1000000000
0 0 0 0 0 1
400000 1
100556398 110837111 10441594 65346626 20589955 131433639
428397346 786676167 194586910 705405306 598334983 903112612
61812752 140748504 197191685 613909019 494434525 736251807
154657 1
766385587 158953706 88358213 586406320 34992455 840437142
999999999 999999999 0 0 999999999 1000000000
215939554 160097628 212576293 149762011 206834709 260073471
400000 1
389980203 234104664 42274771 172838554 360285000 655880422
999999999 999999999 0 0 999999999 1000000000
79566193 17675466 135306605 151703489 199105096 213598046
400000 1
7360695 136557931 159727569 113945406 66496571 175438356
7360695 136557931 159727569 113945406 66496571 175438356
237152 399711 1117 308698 303400 400000
328964 1
0 0 0 0 0 1000000000
999999999 999999999 0 0 999999999 1000000000
155653089 112196104 102051538 262727004 318399373 482551249
400000 1
0 0 0 0 0 1000000000
694191690 639276971 212801351 531236957 71330913 754988967
410007181 481569238 622478754 400967313 243477974 887121955
386377 1
258609309 267315126 554656575 246221317 174528680 763531988
212180791 89287322 151867540 242323207 190464748 276931615
569724610 416317080 151369509 608011014 156422322 844078195
328964 1
66623277 514853306 633144201 461803144 91175892 676134929
66623277 514853306 633144201 461803144 91175892 676134929
287340 214968 258165 104639 312797 328964
29451 1
64405961 757806516 477560003 642480466 323046543 786340033
999999999 999999999 0 0 999999999 1000000000
191235124 394817834 485789917 411011009 137177579 492569440
400000 1
0 0 0 0 0 1000000000
697154615 508416088 46557119 906272856 722936719 986828984
94957137 175914147 67263662 59417035 70399333 184135235
400000 1
1506077 19328800 25032242 22493683 96677527 137146071
1506077 19328800 25032242 22493683 96677527 137146071
53470 309660 262942 370570 198733 400000
400000 1
310782614 38182534 317904327 111077508 325403620 504637076
310782614 38182534 317904327 111077508 325403620 504637076
262297 288330 379927 150127 237290 400000
1 1
0 0 0 0 0 1
0 0 0 0 0 1
0 0 0 0 0 1
400000 1
531430638 211228484 947344898 713850172 471611717 989127916
531430638 211228484 947344898 713850172 471611717 989127916
94869 42910 273829 198567 222405 400000
276399 1
0 0 0 0 0 1000000000
574096304 811138207 669125804 165769555 171297168 865384551
182204424 47434805 10010185 25915068 83450264 185145494
400000 1
146508151 23409077 305888511 162917475 77672445 561185171
146508151 23409077 305888511 162917475 77672445 561185171
18873 17553 241865 93996 1762 400000
400000 1
1090267 78279328 71152185 20636445 8234003 78404851
1090267 78279328 71152185 20636445 8234003 78404851
48807 55736 70367 344291 64364 400000
400000 1
286485235 159384896 11402390 67146738 130561240 303092207
286485235 159384896 11402390 67146738 130561240 303092207
58667 5487 69389 139860 205970 400000
243008 1
0 0 0 0 0 1000000000
327839686 585979962 236062758 556661023 507828069 611533978
194854032 211266599 61912437 40250827 272354228 305964895
3474 1
374778597 409200084 231024398 122481188 344391681 594381322
443494731 418767356 533805445 117326569 216789198 950129896
42771727 447512016 230036915 547096258 87351978 573576731
400000 1
1287116 221664504 213531350 130893393 43060966 228542124
999999999 999999999 0 0 999999999 1000000000
309118649 557311246 5367293 529602626 152877074 581754011
400000 1
144885033 35315144 94912443 41708480 105187339 199229773
144885033 35315144 94912443 41708480 105187339 199229773
344169 232176 175831 195280 311541 400000
154657 1
0 0 0 0 0 1000000000
216513299 58279253 383738202 347333450 247641477 411934421
346029043 47869773 69581495 621564207 54376123 633525308
400000 1
48245389 98820467 126824583 248343809 301120316 491063828
48245389 98820467 126824583 248343809 301120316 491063828
201369 266196 63017 74569 49606 400000
400000 1
0 0 0 0 0 1000000000
999999999 999999999 0 0 999999999 1000000000
27375016 24452825 1444374 75083288 29403490 90945890
328964 1
149823643 180121182 140494308 203260545 156796960 211246307
999999999 999999999 0 0 999999999 1000000000
268731325 172406212 693087628 419004578 509030782 871898477
400000 1
0 0 0 0 0 1000000000
53442794 170038329 175009864 63416807 132422277 273662511
130096520 60218148 31132762 176045402 207695871 233521562
400000 1
187030264 339522174 183018320 248984275 837604550 962230573
11181844 1985567 7438807 9670752 821373 14090694
408369899 505755610 442661986 548840550 111993827 631655575
29451 1
0 0 0 0 0 1000000000
58710779 23079336 78604052 9950488 46904845 152663415
83250138 58401163 12936166 88229246 80521782 104026844
400000 1
613880835 8554281 661048047 413241169 177694934 723775804
999999999 999999999 0 0 999999999 1000000000
175844197 125876188 142574842 128271996 38970839 338405282
400000 1
483586433 199031408 96939026 271919319 651069522 692288592
999999999 999999999 0 0 999999999 1000000000
220675661 85128927 132099349 221914782 165491778 359163848
328964 1
401261556 764162765 543120535 40401432 758948876 948771103
24295231 40064701 38026157 44368528 22252663 50881950
84447251 32913359 87085997 44285561 77110765 111565620
224944 1
152953608 44236119 34402717 14097882 149453709 183226660
381385032 288487396 21017809 67156983 316338215 486987576
144265011 316560018 424800305 452420455 172510890 470316214
243008 1
0 0 0 0 0 1000000000
999999999 999999999 0 0 999999999 1000000000
405323106 169711828 179948387 256861655 355364803 423108434
400000 1
185337363 141625724 460171943 453338063 58698845 636433447
999999999 999999999 0 0 999999999 1000000000
499929816 44070419 73836807 206403933 38142625 616525523
400000 1
0 0 0 0 0 1000000000
999999999 999999999 0 0 999999999 1000000000
555236580 587607841 483593177 490084410 53491599 766982215
3474 1
0 0 0 0 0 1000000000
999999999 999999999 0 0 999999999 1000000000
229535551 108992688 896941668 894316383 51362674 976922417
29451 1
0 0 0 0 0 1000000000
999999999 999999999 0 0 999999999 1000000000
89957244 78784677 55201183 95533905 47642317 120688060
400000 1
144826705 282053037 228271183 86801226 257619865 384630940
144826705 282053037 228271183 86801226 257619865 384630940
353105 210390 321354 296726 252567 400000
400000 1
314603203 727165749 255239640 698613418 250489926 793815421
314603203 727165749 255239640 698613418 250489926 793815421
226864 237407 123233 42071 355235 400000
400000 1
90066217 147866586 381524177 30613205 136321490 498640113
90066217 147866586 381524177 30613205 136321490 498640113
305731 314790 38133 132631 128262 400000
400000 1
90553271 127720089 67026260 164012508 16023642 199759657
56071657 232061825 358018598 133858845 194380750 381370420
4413734 15615472 110342460 35003955 2654088 120468304
154657 1
379147837 730022525 699513511 713387798 275405159 792065576
267611774 155647007 137158279 56792737 220013822 434024772
336639848 380561591 65979445 30504739 87701167 404293231
217771 1
16858893 14512732 8408020 12636640 15141349 18371884
43480027 49413902 33521454 38869028 44069658 79349296
313493420 443732070 433319395 113083586 522003395 635011849
3474 1
135663611 148352433 13919955 59835476 280976771 460058333
999999999 999999999 0 0 999999999 1000000000
384789318 89139981 446036242 235695096 564102177 565211400
400000 1
47285373 240352086 41702723 43871776 117097368 472437635
47285373 240352086 41702723 43871776 117097368 472437635
61208 107682 189274 253890 103242 400000
400000 1
470149159 389666452 158799677 429756642 226100630 492028756
470149159 389666452 158799677 429756642 226100630 492028756
94700 39987 325404 217276 249367 400000
154657 1
0 0 0 0 0 1000000000
999999999 999999999 0 0 999999999 1000000000
66465421 63260742 18062951 73902715 128720841 140705216
204948 1
813842783 688667575 492374156 19873255 20317296 892246796
135614055 171656509 132455868 102796281 39730083 235111104
79242898 79711187 110523984 28870911 39188172 114676036
84551 1
234502122 82416864 19694297 24046542 237722008 251308468
452994355 39393579 661462093 148100294 222890384 669317087
128005566 607686274 122537063 838947786 291086093 907812151
400000 1
498101583 268085254 383142158 207339800 28025222 731264047
498101583 268085254 383142158 207339800 28025222 731264047
242297 155421 359476 28656 170808 400000
400000 1
281151476 4170780 346589295 144811095 1980680 351827560
281151476 4170780 346589295 144811095 1980680 351827560
179103 103542 293513 248617 5895 400000
328964 1
0 0 0 0 0 1000000000
73838516 8367886 17122071 99320596 100556663 101811156
60828816 118748011 153678378 218409758 214540687 235805757
400000 1
32823932 16609887 46190267 10024048 28833689 57883540
32823932 16609887 46190267 10024048 28833689 57883540
183957 140943 48430 397925 39956 400000
151004 1
398241737 116101195 187618194 114605597 321107178 410167024
338975558 328879667 103041408 55704259 134560454 411589152
77846604 30796834 119409650 84214721 49773661 156516549
400000 1
138694694 203368503 304799435 246793294 284287740 318181097
138694694 203368503 304799435 246793294 284287740 318181097
176882 280252 111498 251004 22913 400000
400000 1
34111200 198596163 103103362 40445456 76019451 214410076
34111200 198596163 103103362 40445456 76019451 214410076
46537 240983 396137 324271 140615 400000
400000 1
0 0 0 0 0 1000000000
999999999 999999999 0 0 999999999 1000000000
564481463 132476130 124402167 601731056 172716685 879540753
400000 1
39409259 6644150 257922180 18190659 172616718 260403128
39409259 6644150 257922180 18190659 172616718 260403128
19442 8164 136399 322422 237746 400000
154657 1
12273120 13875912 3217469 2514840 12859663 18315415
12273120 13875912 3217469 2514840 12859663 18315415
114170 49898 114297 19144 73372 154657
400000 1
194308472 160476627 144889992 9611826 90883355 224912680
151408952 258919471 176996368 386172996 336385683 452104504
513855442 339094492 246633832 162907910 417841325 837408993
113036 1
496489301 43522786 709033673 357537259 734521774 899607129
183345478 111766542 105194560 68579922 161129352 189715676
135470291 345028727 57361651 426958721 359273677 471865723
400000 1
0 0 0 0 0 1000000000
999999999 999999999 0 0 999999999 1000000000
153188795 60025319 3966573 27979813 130873300 181129102
400000 1
0 0 0 0 0 1000000000
154168430 165712134 333077570 487572306 470523723 534365837
248472522 501779011 25198067 189645923 553291671 722811511
3474 1
390138146 56726450 243972904 254969914 277105004 444518037
390138146 56726450 243972904 254969914 277105004 444518037
1247 1442 802 2951 2396 3474
400000 1
74342395 166196389 100918953 113139223 50178934 175476381
74342395 166196389 100918953 113139223 50178934 175476381
206315 330667 252410 385143 332140 400000
276399 1
158328677 109659743 108750358 30415066 44423074 166524656
597697614 373418367 138983244 282979498 15567265 800710479
509803053 504452250 20758175 75381538 361259261 519068722
276399 1
275691859 271379239 287635269 54634308 72507491 426073273
275691859 271379239 287635269 54634308 72507491 426073273
231937 186614 95639 2672 19731 276399
400000 1
114492019 132727214 299104969 270901757 306744495 321421995
114492019 132727214 299104969 270901757 306744495 321421995
18412 21837 374354 337376 288198 400000
400000 1
233451112 264063649 662462659 664714465 22174319 705247885
233451112 264063649 662462659 664714465 22174319 705247885
233288 129308 219727 227611 15218 400000
400000 1
0 0 0 0 0 1000000000
999999999 999999999 0 0 999999999 1000000000
474229090 487895867 508034437 559190465 56960746 960025651
400000 1
319758975 495051601 252496488 41784666 110080488 532580464
319758975 495051601 252496488 41784666 110080488 532580464
47141 95982 95139 165301 393207 400000
243008 1
55179126 62227459 41560232 273065086 91413704 293839309
418483309 77326545 362078542 218752442 352683905 465033754
127985226 414088684 587502651 330575517 246047475 764048146
3474 1
0 0 0 0 0 1000000000
5450921 10242889 9415602 4598821 9363568 13345249
75977580 18555116 105419355 63548322 14080517 123438583
29451 1
135910680 2710179 281110023 286183684 210819617 432498245
782828349 775991619 457791863 212916449 791912022 876453634
120314538 323565063 53875190 250677281 198350614 346171989
400000 1
73303868 87003580 8745040 56708401 111213838 345979504
73303868 87003580 8745040 56708401 111213838 345979504
215509 244310 33194 127800 210189 400000
400000 1
0 0 0 0 0 1000000000
999999999 999999999 0 0 999999999 1000000000
87442595 347411356 344573484 137864798 289121565 386810285
243008 1
91520294 241286859 59086605 19465935 86248919 266083128
91520294 241286859 59086605 19465935 86248919 266083128
55489 206117 229356 43786 161156 243008
400000 1
682355081 485765661 407633835 569523557 412390388 740640404
466921818 435452160 472554034 9143463 597401827 709897297
486503386 324639811 611530879 678526550 732258150 802850561
400000 1
107312322 102510259 171111734 138493395 34148777 280553801
107312322 102510259 171111734 138493395 34148777 280553801
0 0 0 0 0 1
276399 1
335462349 277310506 346252544 211734527 207979416 638920896
999999999 999999999 0 0 999999999 1000000000
209136699 217237582 110829224 231027883 307288219 332675511
400000 1
473195668 319248808 298212357 416288965 476645224 566433365
473195668 319248808 298212357 416288965 476645224 566433365
225513 47839 6153 180073 120977 400000
400000 1
360629815 359385032 277198521 377573254 485120891 594675944
999999999 999999999 0 0 999999999 1000000000
581062910 509621367 48601029 95381422 115658225 587766935
400000 1
265086480 545476141 504173957 356538781 242016304 703240355
265086480 545476141 504173957 356538781 242016304 703240355
137472 358241 289252 256504 280662 400000
36296 1
48404895 14264608 6401527 17213584 43753641 50411130
362938502 120242433 439346910 109127969 209866503 487097437
799992031 273931016 266583138 260422690 653055852 837887656
243008 1
103590486 444611416 324012228 180091375 327437768 527006330
999999999 999999999 0 0 999999999 1000000000
194870502 670860451 690013768 302767123 598445782 755307056
400000 1
21570540 24474815 3270354 38695529 12647466 67853461
21570540 24474815 3270354 38695529 12647466 67853461
4194 49766 310774 126925 213571 400000
400000 1
250953913 350446090 781809860 835072197 298613516 963139519
206560400 378544927 134486893 110648412 418244777 434874920
238558739 385556995 380067765 108805520 144054283 736507881
29451 1
44952790 72753335 141294848 73217974 180654813 228281928
44952790 72753335 141294848 73217974 180654813 228281928
27643 1137 11402 13806 3834 29451
400000 1
340623334 130435198 408024819 3181978 17736157 465942557
340623334 130435198 408024819 3181978 17736157 465942557
385817 334146 265199 71234 372051 400000
400000 1
0 0 0 0 0 1000000000
256521799 285409938 501163645 107886196 522259687 758596086
52714801 383218313 210550946 207656150 362246130 422222023
