100
4 3
4 5 6 4
4 2
4 5 6 4
3 3
1 1 1
100 3
25 55 44 23 61 41 13 21 19 91 39 82 4 61 43 2 1 26 98 55 70 31 9 67 49 73 79 8 34 38 58 96 20 31 95 15 92 41 12 61 2 52 10 5 1 86 88 10 90 61 8 1 76 91 58 76 80 2 7 95 31 98 34 61 25 83 58 37 67 71 8 55 42 52 2 40 79 82 79 31 82 73 22 7 70 49 8 89 34 62 19 88 45 98 56 26 67 37 57 58
100 3
68 37 98 14 38 35 83 29 98 52 64 31 77 67 29 34 37 74 59 59 62 98 50 90 59 65 50 50 2 47 77 23 73 44 95 13 5 55 62 18 13 44 22 53 10 41 2 5 8 74 80 56 16 77 16 92 5 14 91 1 74 46 14 85 88 59 65 91 2 77 17 94 58 79 27 41 16 35 83 95 85 47 44 71 58 25 44 71 2 89 85 10 50 10 67 76 17 14 65 50
100 3
44 2 1 49 17 17 80 50 26 84 50 65 95 28 19 63 65 62 11 17 29 92 35 16 56 51 51 93 77 70 28 89 78 4 5 10 53 38 98 83 38 50 97 63 93 77 37 44 85 24 32 89 5 76 41 2 70 9 94 32 44 83 37 17 25 17 14 55 77 5 72 93 47 74 91 50 14 80 54 82 1 44 84 16 34 26 5 95 50 8 37 98 39 44 13 26 80 20 31 41
23 3
89 88 4 43 52 88 76 73 73 76 61 31 53 55 23 46 17 16 71 43 17 68 10
100 3
38 88 94 65 37 4 62 65 13 92 25 73 92 3 10 55 21 12 94 67 44 4 49 75 30 19 78 85 53 30 2 37 77 20 33 4 70 37 33 4 41 68 49 7 27 85 94 28 61 82 68 94 43 32 47 16 84 76 83 1 64 94 1 25 98 34 31 46 5 79 55 59 64 13 8 57 46 94 80 43 13 46 98 28 88 22 41 47 77 58 17 23 39 76 5 28 31 42 29 53
20 3
95 83 32 92 53 17 59 31 65 44 68 67 50 94 28 92 20 86 14 82
100 3
79 8 51 12 74 64 8 58 62 86 90 91 38 81 35 51 49 59 53 31 38 29 24 34 23 29 80 61 58 46 10 88 97 4 17 11 11 88 31 73 49 59 38 53 7 43 90 55 64 76 91 49 19 76 7 58 46 52 43 79 2 91 58 11 17 10 97 41 85 35 84 44 67 7 10 85 89 34 47 40 19 97 1 91 28 61 46 22 93 31 88 88 73 10 71 77 46 58 10 14
100 3
86 50 34 51 53 19 31 9 41 4 56 66 47 11 57 32 98 86 8 17 98 56 97 29 56 55 71 62 15 38 20 4 38 98 92 14 80 17 10 76 60 91 2 94 77 94 38 29 95 8 26 89 68 65 55 91 31 92 66 53 52 91 24 71 29 23 23 5 48 17 82 83 29 59 14 7 86 68 77 98 27 47 67 16 1 40 63 40 38 31 67 2 34 98 74 89 8 42 53 77
100 3
80 62 97 50 57 84 41 50 14 53 65 34 2 95 83 63 11 79 14 65 49 79 89 49 17 92 5 35 62 2 77 62 34 14 37 38 12 89 14 94 10 12 33 47 44 20 55 46 47 35 67 78 86 98 40 59 92 20 68 79 19 52 17 22 53 80 90 8 41 85 28 95 46 62 62 50 86 92 5 77 4 38 47 18 74 2 14 26 56 11 64 32 43 77 20 62 9 22 56 34
100 3
74 40 95 97 73 47 59 6 47 35 17 51 10 16 80 8 74 20 68 2 28 43 56 86 17 92 14 53 83 95 37 29 50 60 6 92 56 23 68 16 11 2 78 11 7 62 70 47 24 46 12 8 17 28 56 4 41 21 66 67 82 62 29 51 83 13 80 36 59 92 55 35 91 35 68 76 13 76 29 22 20 23 77 80 50 61 3 22 61 46 47 47 40 53 53 55 15 91 35 23
100 3
22 95 1 41 5 65 71 40 95 44 68 5 8 15 86 47 67 29 89 80 50 28 49 11 13 83 89 70 97 38 17 44 61 68 2 69 26 71 26 17 76 65 10 59 20 5 5 89 95 35 56 74 47 83 88 77 23 35 61 29 20 21 92 38 59 56 10 68 17 76 12 58 58 86 93 68 52 74 19 71 35 28 2 65 62 44 20 76 31 38 49 32 57 76 61 75 33 92 5 95
2 2
25 27
19 2
17 37 32 25 72 51 16 87 48 61 70 48 97 21 14 38 18 40 84
100 3
2 76 19 77 36 3 46 9 70 97 52 91 28 26 88 5 40 85 48 37 60 44 54 16 43 67 19 58 46 64 23 97 61 95 80 13 19 44 22 1 29 22 19 67 86 40 88 67 85 89 88 4 90 97 40 13 54 80 28 14 25 43 58 26 88 79 76 3 89 85 97 34 73 34 73 7 31 1 42 16 94 40 44 19 89 37 52 76 1 2 47 34 94 28 65 83 63 11 46 94
100 3
88 37 34 28 5 37 1 52 58 25 55 25 77 97 91 73 81 64 83 77 20 50 34 94 4 79 67 91 88 98 61 46 75 46 50 44 10 36 1 59 94 52 34 70 55 76 6 49 10 19 93 58 84 11 82 73 14 48 97 7 88 94 64 25 4 17 1 46 31 82 32 59 67 20 89 91 62 37 91 73 9 34 25 4 25 57 49 7 16 81 95 55 34 94 64 58 1 17 90 49
100 3
90 49 64 17 31 55 98 64 40 95 68 31 11 13 1 67 49 17 14 94 5 98 50 26 20 89 84 22 1 40 33 58 87 16 23 94 46 28 50 10 79 79 19 83 19 41 67 19 55 76 82 62 4 85 93 28 69 37 43 94 65 1 37 1 2 74 25 25 69 7 85 37 4 16 79 78 4 14 25 70 12 45 71 8 77 5 68 96 8 69 73 94 43 77 85 53 86 58 97 40
100 3
97 81 31 26 55 6 23 59 19 89 84 98 94 20 79 44 59 68 68 68 84 26 25 68 64 26 46 98 83 21 68 38 68 83 74 29 80 9 59 89 34 92 1 55 90 25 48 5 83 5 68 5 21 94 11 60 55 44 47 16 56 74 77 59 95 86 44 68 65 95 55 6 14 85 8 66 86 98 22 20 17 74 14 16 5 77 76 25 65 41 98 20 55 5 1 4 5 92 8 44
16 3
92 70 19 23 35 97 64 23 73 25 86 71 10 83 65 88
1 3
23
100 3
73 61 40 75 12 75 55 22 52 97 50 20 61 45 4 81 88 28 82 64 3 61 47 73 79 88 76 28 64 19 20 83 36 58 61 91 50 13 24 6 96 61 55 50 38 74 85 37 89 51 79 76 61 67 16 91 64 1 61 91 49 25 80 67 5 48 25 71 52 97 94 25 95 93 52 14 84 5 67 52 4 1 85 97 91 32 10 67 4 76 67 52 18 66 44 23 15 25 22 34
100 3
35 79 98 10 97 8 88 23 74 40 5 51 16 26 74 47 98 62 46 44 15 82 74 52 16 2 57 46 61 29 92 53 29 47 52 83 44 16 46 26 95 23 58 26 65 82 28 95 16 96 65 65 19 76 11 44 48 26 11 29 20 43 31 55 4 23 50 22 28 82 94 97 13 52 32 50 11 82 29 91 55 95 71 55 89 89 34 2 35 19 83 92 32 3 24 42 32 62 11 97
22 3
59 1 74 27 80 76 12 57 46 23 44 76 4 74 96 34 52 64 96 13 16 11
100 3
11 78 83 44 77 35 46 72 19 8 49 41 94 3 85 74 57 95 74 50 51 50 71 5 70 53 23 83 30 93 89 2 60 40 19 64 87 32 89 20 7 77 21 59 54 8 89 65 89 74 53 11 27 44 17 24 83 34 1 1 80 41 53 61 91 44 92 7 80 98 53 94 21 2 86 48 71 44 7 7 34 50 50 52 49 83 74 46 46 43 56 32 97 44 83 5 38 14 38 24
100 3
97 2 81 14 89 53 68 14 82 35 8 56 8 89 14 65 5 68 44 66 71 59 20 29 2 89 79 83 56 5 14 95 8 70 6 64 4 78 51 56 74 47 11 75 41 16 23 41 50 40 82 23 92 28 26 66 29 2 22 89 37 95 59 56 11 49 67 31 98 20 4 54 83 91 2 64 53 6 50 1 97 66 71 71 1 66 29 56 95 44 59 10 8 29 35 23 33 50 95 65
17 3
68 58 37 97 98 95 14 10 37 16 29 79 19 65 28 26 71
3 3
44 89 80
100 3
32 27 25 32 28 30 98 70 8 7 72 35 27 62 30 56 13 94 32 38 53 23 89 24 17 49 28 37 32 35 65 29 86 50 77 28 70 53 2 77 77 68 53 89 55 76 92 31 32 26 38 50 20 55 56 25 83 23 28 76 23 14 19 13 66 97 35 38 8 95 17 97 50 37 14 20 80 52 1 25 77 76 22 22 17 5 53 58 29 68 98 79 50 8 94 41 19 2 51 68
100 3
83 55 29 72 46 79 31 82 36 91 43 20 37 90 22 49 94 31 2 77 62 76 18 7 52 14 74 46 13 70 87 13 91 58 1 95 47 30 79 33 49 10 16 17 86 6 58 75 46 95 23 12 84 13 52 76 6 49 66 21 87 52 41 28 81 74 26 97 55 70 41 77 64 67 37 2 85 55 91 92 59 47 31 31 44 28 62 36 88 53 44 55 4 73 85 19 64 88 88 25
19 3
2 95 59 50 79 22 37 30 17 68 44 64 25 88 98 56 80 47 73
100 3
37 46 23 62 74 80 52 41 50 38 50 4 52 67 38 77 14 80 71 59 14 61 35 70 2 11 4 77 44 77 17 12 83 57 72 48 45 98 20 79 74 35 56 45 4 68 65 2 27 51 47 84 89 11 8 98 44 95 92 35 49 26 95 50 71 89 16 68 71 41 74 89 50 91 76 95 94 85 47 92 12 74 54 13 62 68 38 38 46 89 80 44 11 61 62 23 37 37 14 44
100 3
14 44 15 31 95 29 12 92 14 56 62 57 61 41 65 23 18 5 65 50 78 44 12 2 70 50 28 65 56 32 2 35 38 71 98 52 8 58 95 58 47 14 38 11 86 83 50 88 55 68 48 54 18 59 72 47 11 3 98 4 1 86 63 71 53 11 89 92 90 15 70 47 89 71 98 89 25 92 50 14 86 5 48 97 44 71 56 44 77 31 9 8 56 59 77 35 92 17 43 23
100 3
50 37 68 42 70 85 23 95 57 49 86 23 11 39 5 46 14 73 1 79 37 19 31 46 62 45 3 11 22 2 26 55 4 84 86 85 37 68 93 49 52 74 31 61 61 93 27 7 20 28 55 6 90 7 14 23 2 43 13 19 34 39 61 9 52 91 95 84 91 28 77 6 13 19 57 42 32 16 23 35 43 16 83 31 85 92 79 84 29 68 52 25 26 33 44 19 32 92 97 74
100 3
8 50 5 93 19 73 41 92 8 5 52 83 17 84 95 29 23 44 14 10 47 2 38 91 59 28 73 35 71 41 35 8 23 38 26 7 86 74 65 35 68 36 58 86 80 14 89 77 71 69 56 13 68 26 20 50 11 70 5 67 62 35 14 47 89 44 29 75 50 22 35 33 59 20 32 92 49 19 44 5 42 40 87 72 67 74 7 90 70 63 61 73 82 35 89 61 5 80 47 67
100 3
64 7 65 85 91 86 88 7 53 34 12 22 22 70 31 28 18 86 97 85 21 76 81 59 46 95 46 8 55 24 67 61 61 40 49 58 31 10 63 88 77 94 79 91 13 67 22 67 37 97 46 41 31 22 78 58 69 64 26 97 48 79 84 25 67 98 7 94 47 31 83 59 55 18 10 47 83 87 88 69 67 95 89 37 5 28 70 74 62 71 65 49 1 80 17 98 79 62 40 40
100 3
74 29 47 93 78 21 92 77 59 11 62 19 50 8 86 29 40 64 94 23 44 26 68 58 27 10 56 77 27 38 16 8 47 58 8 46 74 56 77 55 10 50 27 4 91 64 32 70 11 23 54 74 56 17 47 17 32 62 60 43 59 47 37 62 62 11 95 68 38 64 51 49 72 80 47 50 26 86 23 71 95 52 26 94 17 70 40 56 42 47 75 86 16 33 50 88 41 61 2 85
100 3
70 11 98 23 62 63 34 55 32 67 65 44 29 34 61 50 64 37 73 80 43 65 34 95 56 45 92 62 29 50 50 10 44 39 95 49 32 6 41 2 74 44 91 54 26 47 19 23 40 92 32 11 29 56 47 53 6 29 8 14 74 50 2 69 47 43 1 95 94 1 92 29 14 92 74 46 71 52 76 88 23 79 28 62 21 64 69 74 47 44 1 94 71 23 83 60 59 64 93 35
100 3
45 55 88 33 25 22 28 16 2 22 88 10 64 49 88 85 51 98 85 22 76 31 63 49 58 96 44 19 25 79 25 88 25 4 68 38 79 43 95 1 76 43 34 48 78 51 73 35 1 73 26 85 31 93 79 16 49 37 97 70 79 31 38 70 28 70 11 63 59 79 13 94 73 33 4 2 35 52 79 91 53 85 59 70 74 10 46 79 32 22 39 55 11 6 19 94 28 72 88 56
100 3
66 2 25 77 77 13 22 59 59 50 22 73 29 95 95 8 7 23 10 7 80 91 58 73 38 11 26 55 7 50 44 44 32 63 29 26 83 11 41 8 44 61 37 73 14 59 65 91 41 89 14 32 29 80 13 26 82 23 33 19 52 75 44 72 23 62 46 28 11 68 34 32 10 65 10 35 47 50 67 18 57 68 29 68 50 11 32 74 67 92 35 62 22 33 41 74 52 20 20 57
100 3
73 56 62 43 79 94 82 37 82 73 82 91 76 73 58 34 70 86 82 59 56 79 92 94 16 94 64 89 11 78 5 52 82 20 43 21 37 40 37 47 34 50 25 94 55 96 76 13 5 28 60 46 21 85 85 19 56 77 11 94 43 44 13 49 16 97 47 80 1 76 58 4 25 88 64 46 13 16 11 34 31 79 18 17 16 52 1 16 59 56 17 31 68 98 79 14 17 52 73 89
100 3
32 28 46 95 38 68 61 29 89 92 68 74 23 86 68 69 89 78 35 93 23 20 2 80 23 44 38 52 79 11 82 19 46 80 6 89 92 14 74 59 71 89 25 65 8 68 59 8 62 96 28 81 7 74 69 58 44 68 17 78 8 62 18 23 22 11 52 4 22 47 52 23 89 79 59 7 65 47 79 26 29 95 86 5 23 16 27 83 2 95 83 56 73 53 47 50 76 23 54 95
100 3
83 81 13 82 25 41 13 85 49 40 1 31 5 23 4 50 44 59 40 97 31 19 50 94 8 55 51 83 22 70 83 65 73 94 92 43 46 31 34 96 18 80 79 98 58 86 61 67 53 10 19 35 40 75 16 68 40 34 25 81 85 61 82 20 32 78 66 46 18 56 59 7 43 70 49 26 1 19 13 85 34 8 67 70 66 43 61 80 49 20 80 97 59 88 98 64 40 4 8 13
100 3
65 34 55 25 1 11 1 46 5 49 91 46 22 94 97 28 35 48 16 10 62 54 41 14 23 97 97 14 70 52 11 67 7 1 28 56 34 32 8 14 61 15 36 28 52 49 76 55 50 44 49 43 94 58 96 4 19 7 64 86 40 91 32 35 77 30 13 96 15 43 16 85 28 62 58 31 74 47 68 52 46 53 97 44 32 44 88 27 16 84 20 60 64 70 91 34 79 48 88 70
100 3
13 3 7 91 19 40 1 85 52 7 89 79 4 82 6 16 20 50 55 98 63 55 8 63 91 91 55 40 16 16 43 87 68 82 94 52 4 49 67 20 55 32 79 67 86 31 59 76 59 86 10 85 47 7 76 77 79 74 22 96 49 82 52 61 88 97 55 72 50 18 94 86 64 34 31 40 62 19 26 43 76 85 20 79 68 55 8 76 19 38 76 91 73 22 50 98 97 26 76 80
100 3
22 91 1 70 73 91 86 55 88 93 61 69 73 40 67 67 38 59 87 10 37 40 50 37 30 52 17 4 32 47 63 97 36 25 64 61 91 11 35 74 57 90 61 66 28 31 28 53 90 29 28 88 26 40 31 49 10 82 43 28 86 97 84 40 52 49 29 26 70 67 91 7 49 7 28 4 38 43 20 62 52 31 43 68 82 70 48 31 64 43 22 28 23 1 21 33 77 97 95 62
100 3
52 64 71 2 61 70 49 11 41 82 10 95 38 23 64 77 86 67 49 30 58 34 85 81 22 32 59 75 98 73 19 46 23 14 58 19 88 28 50 85 43 52 86 43 83 35 40 62 38 58 1 67 28 68 40 25 46 21 88 67 37 89 85 23 71 1 79 2 34 7 17 41 88 7 34 27 91 96 25 31 58 98 65 76 53 55 55 5 82 84 29 79 74 44 41 95 89 25 82 14
100 3
31 88 11 64 40 97 4 1 64 29 59 26 32 31 90 35 53 28 16 87 19 26 92 55 79 46 51 27 71 34 74 50 7 22 75 13 88 64 64 12 91 47 82 97 23 81 77 26 16 51 13 67 14 49 80 23 2 53 73 5 71 25 71 19 69 58 59 39 91 70 55 40 76 43 11 31 88 98 61 67 76 20 83 79 5 52 42 16 67 3 88 53 50 79 86 38 29 61 18 91
100 3
65 83 98 28 32 5 53 38 10 34 75 36 68 50 1 67 97 98 35 5 62 89 41 46 2 74 3 30 29 26 65 38 83 65 80 56 83 77 74 71 59 83 92 95 94 23 50 65 65 40 7 94 50 82 74 70 98 22 86 39 57 16 22 33 86 26 25 58 92 7 5 95 65 52 85 20 2 41 74 44 67 10 10 62 80 79 56 37 56 62 14 46 74 82 8 50 26 56 11 91
100 3
21 82 90 64 86 62 74 11 23 53 35 60 11 98 5 77 55 86 37 49 52 96 71 74 98 19 41 86 32 97 71 47 2 82 49 79 73 15 76 85 5 68 55 8 55 89 34 91 1 87 65 81 17 28 65 23 1 71 56 89 35 22 63 70 68 70 68 2 51 58 16 4 65 95 43 4 50 65 89 70 59 89 64 44 72 41 68 38 5 74 73 11 53 11 41 24 29 95 54 80
100 3
15 55 11 95 46 88 10 15 65 82 55 70 28 16 72 13 73 61 88 85 14 65 56 74 76 1 67 62 7 78 5 20 55 52 76 26 49 96 16 42 95 55 41 32 22 34 91 25 47 20 67 15 84 97 68 79 21 70 10 25 32 66 88 17 80 97 73 88 79 65 43 31 40 37 63 98 37 37 8 47 14 17 29 79 17 10 52 73 46 61 55 97 16 11 86 20 40 76 31 16
100 3
17 43 44 85 87 88 16 2 34 34 85 28 40 25 88 79 2 12 22 55 34 49 98 19 33 91 77 11 29 20 39 74 25 3 24 57 71 40 1 22 49 7 19 8 91 38 75 67 52 72 22 32 83 94 97 76 79 11 25 55 1 56 23 75 65 14 1 97 79 82 61 1 52 49 68 88 7 37 65 16 52 28 7 79 21 26 98 92 64 35 59 48 64 21 31 16 65 97 34 5
100 3
29 44 68 38 61 26 92 36 2 20 86 35 58 86 53 8 2 58 1 37 47 50 70 80 83 8 28 70 72 20 14 11 3 80 22 83 55 20 62 91 11 14 22 11 84 32 24 55 2 17 40 46 31 40 12 20 38 8 43 34 82 14 16 74 13 89 5 86 43 59 79 11 98 32 68 5 80 72 71 35 65 47 11 26 50 26 77 49 89 5 9 96 23 53 89 74 12 8 27 62
19 3
87 36 33 70 11 53 35 20 68 10 64 13 65 79 68 49 89 19 91
100 3
92 88 56 67 74 27 19 55 26 98 50 35 76 53 26 71 70 68 61 44 83 35 41 1 12 97 47 97 4 70 85 62 50 1 77 86 68 83 79 80 22 95 95 89 74 22 79 36 36 13 5 4 8 34 19 8 50 23 48 47 35 16 4 91 53 49 68 59 53 59 42 38 10 89 21 68 19 17 56 53 67 38 57 80 67 96 30 72 90 98 36 56 59 86 14 20 26 29 68 64
100 3
43 7 64 88 55 28 31 46 77 76 4 94 58 46 94 77 29 89 46 1 42 44 88 97 94 64 97 50 4 64 20 16 2 44 92 34 29 52 41 20 76 35 13 44 98 19 20 40 7 13 58 31 62 40 42 77 47 52 77 4 22 76 69 27 40 73 7 83 7 16 4 10 26 10 46 55 4 97 92 53 37 11 7 73 37 71 10 91 97 7 51 27 97 10 84 54 52 25 87 91
100 3
88 80 22 94 16 43 31 27 20 65 19 58 31 10 61 2 89 6 50 96 28 11 34 29 80 10 73 92 97 19 95 55 37 34 73 89 17 61 47 10 73 85 52 16 19 67 91 20 92 32 34 34 14 25 79 95 88 98 1 97 20 35 5 73 80 94 47 64 28 23 79 26 95 26 76 94 31 40 35 79 38 94 89 97 16 97 76 19 82 97 61 74 92 7 69 10 64 13 32 82
100 3
74 92 91 4 83 38 41 67 22 59 55 76 50 98 11 52 70 53 94 92 49 50 19 56 85 53 23 37 40 74 43 45 44 59 62 86 74 58 31 23 52 98 29 91 67 92 26 56 65 60 18 1 96 8 14 10 98 25 20 44 59 14 62 40 47 71 89 30 49 69 23 59 94 67 39 32 51 56 26 85 92 68 26 16 44 65 7 74 14 95 82 2 63 8 80 14 89 26 62 47
100 3
44 38 63 23 40 76 5 26 96 16 49 52 37 95 85 25 24 11 46 1 10 58 14 30 97 49 40 16 37 97 47 6 49 19 50 5 92 35 4 73 10 26 57 76 59 64 91 80 61 67 73 53 3 15 98 4 49 86 50 67 81 13 52 1 77 21 71 25 56 37 64 37 22 80 7 38 95 64 4 58 91 29 2 15 1 25 70 68 59 91 52 95 40 86 32 94 10 2 62 50
100 3
2 4 20 88 81 93 65 81 22 32 39 20 29 52 89 32 7 20 95 65 58 17 53 50 5 55 73 88 40 14 53 64 71 16 92 52 82 23 40 79 91 46 97 52 4 88 46 85 91 50 10 20 52 82 28 26 94 46 19 55 46 44 32 91 11 10 88 61 4 19 22 64 13 31 95 80 25 7 40 67 15 40 52 67 47 67 89 64 23 16 68 77 37 76 50 38 56 14 86 55
100 3
5 77 56 35 69 20 74 20 68 71 33 26 5 8 41 5 65 57 62 83 92 80 5 44 59 98 65 80 86 17 72 78 23 11 77 71 29 52 14 29 19 94 1 86 82 48 18 5 68 14 88 14 89 32 84 67 92 90 5 86 5 47 64 89 98 98 61 46 48 39 27 58 22 47 85 44 20 14 43 34 63 76 24 57 83 19 41 41 23 68 20 35 29 23 72 14 42 77 23 7
17 3
32 28 94 35 64 7 29 17 74 94 5 71 93 67 73 48 80
14 3
39 76 7 47 86 5 88 56 70 29 91 71 52 19
100 3
64 38 71 14 41 27 78 80 92 10 86 29 32 68 97 29 54 41 46 41 6 80 98 83 19 77 38 58 50 70 14 23 78 16 45 74 46 83 37 81 5 77 48 77 5 92 94 75 59 5 65 5 64 31 4 66 10 92 5 77 86 20 16 23 62 83 21 37 80 59 77 28 50 11 10 11 10 23 83 2 79 56 37 62 5 18 32 62 5 5 80 86 98 52 38 61 52 28 23 20
100 3
97 91 5 62 80 28 19 77 50 62 35 83 6 13 5 76 98 26 79 68 56 79 43 26 89 82 4 50 95 56 26 16 31 86 94 8 6 4 97 5 59 98 82 22 25 11 26 86 89 22 68 85 41 26 71 9 85 82 53 40 14 32 62 29 85 26 83 17 19 94 34 79 41 77 65 20 8 63 53 38 20 41 98 98 77 53 83 20 82 2 12 23 98 18 26 89 35 16 51 22
100 3
82 80 16 21 85 37 70 20 67 76 8 54 47 25 29 88 23 35 58 37 43 61 50 74 23 8 40 23 53 72 53 58 23 20 1 70 77 13 11 40 4 85 31 41 40 58 7 44 67 46 88 43 85 7 60 72 58 94 94 70 91 97 61 79 73 70 76 91 33 93 2 40 13 89 38 83 53 94 46 8 45 82 22 70 85 28 47 98 25 65 13 11 16 4 92 7 91 88 50 27
2 3
52 52
18 2
83 66 76 46 98 7 89 64 13 36 63 40 92 37 14 87 16 70
100 3
58 85 73 55 11 86 21 3 5 3 95 82 13 88 4 67 55 82 37 76 87 7 31 52 95 17 70 64 85 73 73 49 34 1 94 46 67 46 52 82 67 92 34 37 68 63 95 8 52 77 22 21 80 98 39 51 64 88 72 27 83 53 79 43 14 32 43 40 52 13 49 46 73 16 58 22 32 79 11 40 37 43 67 49 2 49 49 98 70 53 58 27 40 16 88 89 71 42 77 16
100 3
71 10 86 98 29 64 42 64 73 61 41 65 44 44 35 55 97 56 13 75 85 47 28 23 80 54 77 52 86 1 37 72 26 20 58 17 8 68 37 10 23 80 7 2 65 77 65 61 46 79 17 48 44 50 57 38 50 77 75 68 49 16 89 12 6 97 66 98 71 80 68 77 86 11 26 79 77 81 11 5 3 13 8 56 26 68 47 95 18 74 17 88 38 68 12 86 65 18 11 97
100 3
58 47 32 32 92 95 95 33 14 91 76 26 71 79 47 11 41 26 51 41 59 5 61 2 88 53 82 22 65 59 12 42 92 98 38 50 39 23 53 72 80 29 32 46 92 80 70 10 92 72 71 74 26 7 41 98 84 62 50 14 52 52 71 71 77 44 75 4 92 16 80 25 77 87 67 29 74 32 95 5 35 68 17 71 55 73 57 61 95 85 59 74 17 89 88 96 56 19 23 41
2 3
14 11
1 3
1
100 3
2 29 2 9 14 30 8 98 58 62 98 28 48 98 39 88 13 32 16 11 34 47 44 5 14 82 63 56 17 65 29 89 5 89 67 23 53 10 47 85 56 95 14 88 20 44 98 93 5 22 79 94 39 47 34 91 17 47 38 17 71 26 63 44 5 43 67 25 89 8 5 98 80 62 36 5 6 54 23 53 70 47 11 22 40 17 89 70 62 83 67 76 62 67 80 35 5 38 41 25
100 3
86 97 56 64 98 80 92 73 58 67 92 70 25 91 98 86 52 85 74 17 58 29 91 25 11 62 22 59 26 82 56 41 25 46 67 50 50 98 10 32 68 68 16 13 44 47 55 35 5 16 26 59 64 25 77 80 47 32 58 95 94 64 34 53 62 94 17 97 50 11 26 1 94 19 40 95 44 83 76 38 49 64 7 98 28 10 10 41 88 26 7 79 25 61 74 65 4 43 41 43
100 3
80 15 98 55 46 13 37 85 52 47 1 50 94 91 17 18 78 94 42 17 73 53 40 58 75 66 41 82 79 91 59 16 94 67 64 1 4 98 13 67 91 37 76 86 87 7 67 52 52 70 76 38 92 70 52 61 85 18 82 40 13 31 97 70 1 13 80 55 98 85 28 19 1 49 45 59 43 97 26 70 7 61 32 59 92 68 43 10 35 22 68 52 63 77 58 49 17 35 53 39
100 3
30 2 59 94 91 81 56 56 56 89 79 29 23 53 89 2 89 34 9 76 56 80 5 92 16 62 23 59 10 84 2 29 18 38 5 19 47 61 89 23 98 93 64 95 23 19 59 69 28 73 40 53 36 74 14 50 67 44 98 97 65 88 74 7 52 44 26 26 21 56 23 20 56 45 92 53 61 82 47 26 47 55 46 34 88 95 71 64 56 36 23 89 5 49 50 47 50 34 41 41
100 3
37 17 63 65 32 65 44 65 72 22 71 74 21 70 29 91 44 59 92 17 53 7 96 41 85 94 68 32 41 94 80 8 62 98 26 8 17 95 71 74 4 2 92 20 38 44 97 91 62 76 86 67 2 77 94 64 62 62 21 65 74 98 68 17 41 50 94 70 88 59 8 17 80 72 94 75 4 26 56 21 81 56 50 28 63 54 26 23 44 48 64 32 73 77 3 5 77 69 71 2
100 3
12 5 38 84 2 68 59 41 95 8 98 68 89 86 71 84 91 88 53 5 23 56 65 20 77 9 1 74 23 38 24 32 6 33 53 61 85 20 86 19 35 3 2 14 71 23 43 57 11 92 79 42 3 20 22 73 73 53 56 90 65 40 41 50 2 50 49 9 8 94 20 65 8 10 36 23 89 17 8 17 32 13 32 55 39 48 26 89 10 98 7 62 59 34 38 95 95 71 56 29
100 3
80 83 86 31 91 28 71 41 45 64 69 65 12 65 92 77 44 74 53 22 19 47 76 29 68 34 69 53 38 5 7 2 62 19 63 2 29 11 76 50 14 83 38 2 59 83 59 8 86 56 64 29 41 4 88 14 74 78 5 32 84 50 92 83 89 62 25 98 44 61 69 8 14 28 74 11 11 74 37 61 80 70 52 38 89 13 35 38 5 97 94 86 32 95 22 17 27 68 23 41
100 3
31 55 29 2 98 29 4 71 77 44 17 39 17 71 8 98 86 8 92 34 20 4 62 14 62 22 41 83 66 46 20 40 31 14 11 88 44 56 22 62 41 26 48 40 71 10 78 43 14 49 35 23 5 45 7 70 22 56 36 38 5 14 58 35 17 67 28 20 16 15 59 84 86 28 49 62 90 82 88 12 58 38 70 35 41 57 56 50 16 89 22 35 19 10 20 8 74 62 52 92
26 3
83 41 46 77 8 55 11 8 94 98 7 20 62 2 26 76 35 80 20 86 76 37 23 91 83 48
100 3
52 37 13 81 80 27 53 19 91 81 4 43 23 70 61 20 4 68 79 94 31 77 70 1 61 91 94 56 61 28 26 49 1 55 5 19 55 40 26 76 34 88 85 90 85 35 38 70 94 52 2 46 28 93 58 38 26 56 32 13 83 17 13 52 65 70 52 82 56 36 94 58 7 46 74 10 85 62 82 1 64 60 85 25 31 44 36 31 40 97 55 11 80 44 18 89 25 55 85 86
100 3
20 14 90 59 49 82 38 34 43 16 48 40 82 64 94 89 17 40 37 88 46 94 16 39 57 67 73 76 28 80 34 91 58 83 22 55 28 52 7 19 16 4 71 44 64 72 79 74 76 58 32 98 16 55 76 55 29 9 88 49 28 79 83 13 61 56 64 94 22 39 52 52 2 65 73 97 31 2 64 20 25 16 67 43 45 30 41 91 16 58 67 94 16 90 34 32 85 22 58 37
100 3
39 8 86 46 98 91 72 52 31 89 29 75 5 98 96 20 47 80 76 92 38 62 86 18 86 1 67 37 62 56 59 59 85 4 59 17 53 14 22 79 32 56 67 79 21 71 42 68 81 40 41 17 46 87 52 12 38 43 96 95 5 31 1 95 50 11 47 16 98 83 59 14 41 68 98 67 49 65 95 97 50 56 10 16 57 54 2 32 82 56 11 86 31 82 12 37 23 41 83 58
1 2
3
100 3
11 79 4 13 8 53 37 50 20 75 97 83 10 13 50 38 49 20 68 77 56 41 58 41 8 68 27 86 97 74 3 93 24 44 26 89 71 24 97 46 50 88 59 5 54 38 82 88 98 11 9 71 98 5 17 84 20 29 31 45 92 77 95 74 80 62 38 52 66 96 44 61 23 48 10 7 88 71 47 56 56 20 79 10 20 14 56 94 11 84 29 35 44 41 82 10 52 37 83 43
100 2
72 92 16 98 67 4 15 59 22 10 29 9 99 25 19 16 80 17 38 74 71 96 44 61 52 70 66 45 13 19 97 49 43 10 69 48 93 97 52 16 65 33 36 72 58 78 81 44 11 24 87 59 1 55 2 81 24 47 82 30 58 14 67 28 34 2 55 54 19 2 76 87 62 39 19 87 82 99 71 89 35 82 18 35 35 48 21 24 3 6 93 87 23 24 68 80 57 12 97 92
100 3
5 22 71 53 32 88 55 52 7 23 25 2 53 68 38 95 91 53 94 2 23 26 79 25 74 5 79 89 88 98 35 32 70 52 19 25 94 68 97 16 52 74 1 5 25 61 85 52 91 92 4 76 37 95 70 68 16 85 74 43 7 22 32 40 92 55 82 97 7 73 23 89 17 94 53 44 77 62 88 4 62 70 38 35 64 41 86 37 97 46 71 61 67 19 52 83 1 14 65 76
100 3
79 28 74 14 61 61 44 91 14 24 62 41 14 29 44 83 5 20 19 95 23 4 64 94 8 7 29 90 44 95 26 90 20 97 4 29 65 28 74 59 41 53 65 1 23 17 42 67 74 22 52 95 54 92 80 50 70 19 11 61 8 46 65 5 24 80 61 41 15 92 2 38 54 67 70 37 71 62 27 14 95 53 53 37 41 50 15 76 43 74 61 79 81 23 53 8 44 89 35 76
21 3
47 51 70 42 1 19 95 60 83 16 42 76 64 89 21 88 62 26 13 1 88
100 3
26 98 47 88 22 91 32 14 34 64 16 43 4 86 85 74 46 58 47 52 81 22 33 10 82 70 49 79 31 37 40 32 22 77 64 40 64 22 55 53 91 51 10 44 74 4 83 37 2 5 71 67 4 64 97 28 2 85 98 86 27 91 67 41 85 64 14 45 5 5 43 38 7 7 91 49 7 73 92 81 31 73 7 37 46 94 74 20 38 18 29 25 5 94 44 14 7 24 62 82
1 2
4
100 3
44 96 73 87 11 26 7 35 50 70 30 41 50 97 95 12 15 45 68 78 46 66 89 91 87 27 54 48 52 95 97 4 4 36 83 55 85 74 91 43 87 36 97 11 16 50 30 72 92 38 58 14 67 28 80 33 78 94 40 75 8 2 70 62 73 65 82 18 59 85 44 71 76 15 93 60 32 28 47 58 80 55 97 7 81 52 41 9 75 61 69 26 60 29 21 23 63 82 96 3
1 3
42
100 3
67 13 86 19 55 28 7 1 67 59 82 34 53 16 37 58 64 43 73 20 61 43 49 74 4 74 5 67 64 91 7 63 62 14 13 94 17 89 97 14 7 91 65 40 33 20 67 58 92 58 19 49 52 53 52 55 32 53 8 67 77 13 77 35 83 8 31 20 73 5 61 81 49 88 14 11 55 83 86 82 20 5 59 67 82 41 25 5 16 79 82 4 7 85 82 71 24 40 91 5
100 3
58 37 31 10 94 16 32 23 20 35 60 40 76 97 36 1 34 53 64 91 20 65 74 40 37 4 14 46 16 85 27 79 4 33 91 79 25 56 7 91 29 49 28 55 22 83 4 22 57 67 82 49 97 71 25 88 7 20 55 39 32 61 40 76 50 28 88 46 33 74 85 28 34 58 50 91 52 11 95 67 4 10 51 76 70 95 97 58 22 32 52 25 91 19 73 35 46 77 41 1
100 3
56 19 94 96 27 33 74 38 83 5 95 59 83 68 55 87 77 96 40 52 77 15 22 32 2 65 16 49 56 14 59 2 5 21 98 68 35 68 17 74 85 35 97 1 98 1 29 83 7 59 74 97 52 82 8 34 41 19 11 47 83 6 30 55 20 82 22 44 26 23 5 39 77 41 74 50 82 74 53 29 28 10 80 32 77 4 55 85 20 89 41 41 37 45 13 59 93 7 8 20
15 3
53 80 82 1 26 11 34 84 31 74 17 4 13 34 50
