50
8 9139 7288 50 37 13
10 9216 8704 33 33 34
10 8191 0 10 30 60
1 0 8191 10 80 10
6 4605 953 29 33 38
8 5409 4498 89 0 11
1 9216 8704 98 1 1
1 8191 0 10 30 60
4 4116 787 22 33 45
6 1159 86 45 34 21
8 7229 8556 28 3 69
5 2439 8369 28 56 16
3 4108 8283 22 33 45
7 4195 2158 48 9 43
8 8691 1457 88 7 5
8 7222 8944 17 35 48
5 9216 8704 98 1 1
10 9216 8704 1 98 1
7 3761 8663 34 13 53
6 6351 7364 72 24 4
9 8080 4235 90 6 4
8 2552 4 61 11 28
8 828 1645 58 29 13
5 9216 8704 1 98 1
7 6724 6003 48 23 29
7 122 5628 86 1 13
7 8006 612 62 13 25
6 1099 9854 37 5 58
1 9216 8704 1 1 98
10 9216 8704 1 1 98
5 0 8191 10 80 10
7 4741 3606 71 9 20
8 8480 9645 94 5 1
5 8191 0 10 30 60
7 7676 662 46 32 22
10 9216 8704 98 1 1
9 962 8049 48 39 13
6 2250 2424 57 22 21
5 3506 5799 43 12 45
7 7985 4833 34 58 8
7 8837 3000 78 14 8
5 8733 2545 98 0 2
6 4230 6383 72 25 3
5 9216 8704 1 1 98
5 6627 6581 74 10 16
1 783 9152 22 33 45
2 7932 9324 22 33 45
10 0 8191 10 80 10
5 4160 4192 90 9 1
1 9216 8704 1 98 1
