10
100 20
68 99 46 57 30 59 27 71 51 43 23 50 45 65 63 67 51 15 68 25 29 67 65 92 86 34 13 58 96 6 47 63 4 44 72 86 2 98 56 4 92 30 54 36 94 16 3 97 30 70 21 10 88 37 2 25 70 66 83 66 72 81 80 27 24 51 12 77 100 20 80 92 1 33 27 47 48 81 43 30 50 15 39 89 51 92 14 20 58 48 37 81 80 17 7 3 67 71 79 67
42 5041
58 5009
43 4967
88 5009
17 4969
23 5033
48 4989
7 4953
5 4979
70 4989
71 4993
42 5001
74 5050
4 4958
71 4969
59 5039
43 4983
5 4966
3 4958
79 5032
15 10
1 37 74 14 95 23 19 66 44 32 88 2 74 37 75
14 111
9 120
13 117
7 116
6 120
2 120
5 116
14 108
5 119
1 120
10 20
80 14 68 24 45 55 25 70 43 51
5 54
10 46
6 48
6 55
6 47
2 50
3 53
6 51
4 53
2 47
5 54
4 51
5 47
9 55
10 54
1 51
5 54
4 55
2 46
3 49
997 20
26 94 62 78 9 7 63 33 60 92 60 41 85 54 97 75 54 29 35 97 12 89 74 63 32 4 64 23 58 62 20 83 55 34 12 16 40 74 48 51 17 59 44 2 12 92 76 18 21 62 66 32 50 39 46 82 94 10 56 51 23 76 33 78 9 96 93 100 70 92 2 86 51 45 39 14 37 67 31 9 28 97 40 78 87 85 11 81 46 66 31 69 93 16 98 53 11 90 4 32 33 6 70 83 2 8 97 90 26 79 98 54 75 89 83 62 74 93 94 71 10 24 91 55 91 88 7 54 29 63 85 62 20 6 96 21 66 92 11 91 71 8 44 97 97 26 10 22 70 3 44 32 79 35 86 69 74 44 22 55 6 59 16 25 16 11 98 81 55 8 72 77 67 67 25 15 45 35 88 14 89 32 97 19 18 34 88 91 78 61 45 35 71 12 12 87 75 9 19 29 68 90 5 86 9 29 1 53 15 88 18 56 71 15 74 40 48 13 83 77 74 79 12 96 91 75 34 65 83 53 45 2 94 1 87 2 81 39 6 48 79 24 3 1 38 76 41 37 89 23 14 14 1 25 61 43 99 95 59 33 99 3 86 44 55 24 98 36 15 3 35 93 26 37 93 15 64 85 52 4 7 65 69 60 41 30 2 91 76 61 75 26 15 60 21 70 35 18 57 49 73 91 41 50 79 86 65 94 70 68 98 29 84 18 88 24 47 89 14 74 49 40 51 64 99 72 85 33 41 41 82 13 83 74 63 61 59 79 54 81 46 3 9 29 21 96 52 19 36 17 45 37 56 95 100 6 18 36 90 59 76 23 71 10 97 85 22 7 63 27 87 8 30 47 88 2 94 91 72 30 7 16 66 14 63 17 71 80 52 61 90 79 83 13 88 31 97 9 38 60 87 76 67 16 23 55 69 16 45 41 45 4 8 10 69 70 78 92 2 29 4 43 7 38 55 46 69 52 6 6 11 93 33 29 60 55 35 29 71 32 21 67 87 28 29 7 50 6 98 3 87 1 45 45 39 100 91 59 51 48 16 13 92 48 41 52 3 28 32 25 59 4 91 97 31 71 3 32 77 53 34 63 53 79 7 43 78 49 1 28 97 16 40 40 64 32 91 18 11 74 42 21 77 84 17 60 55 72 91 83 24 25 45 76 3 3 71 80 52 71 59 100 39 50 39 54 81 82 71 92 7 64 12 84 47 81 43 53 52 33 35 75 9 31 2 11 34 72 90 37 95 100 88 33 49 78 86 82 59 8 73 66 71 36 1 69 16 95 22 19 79 8 93 88 39 47 98 24 18 40 12 64 39 99 48 40 76 33 21 87 92 45 4 62 80 4 31 48 98 4 66 76 11 11 15 49 57 13 24 26 4 35 90 94 85 37 33 13 22 53 51 13 97 54 27 29 9 9 76 58 12 93 85 22 3 100 23 59 64 46 37 67 33 26 60 17 14 93 81 87 97 31 100 94 36 78 22 44 86 49 53 97 41 38 18 44 89 40 54 52 38 90 70 70 67 29 38 33 73 19 19 70 49 70 15 85 47 88 80 32 36 33 80 28 22 50 71 62 41 77 13 78 18 82 47 37 62 37 69 87 55 39 8 55 9 22 39 7 9 71 91 96 55 70 23 76 19 46 37 60 74 1 37 43 34 36 79 47 72 99 33 78 38 40 32 46 61 23 52 21 93 94 68 47 64 43 74 34 88 62 93 13 62 82 55 47 69 34 93 92 32 26 69 21 17 52 18 30 74 70 2 66 15 70 64 78 12 37 12 51 98 56 63 11 37 69 9 57 2 2 48 86 79 68 58 95 20 76 24 93 97 26 11 11 47 74 89 10 63 52 60 12 7 74 23 96 42 83 52 96 84 100 33 14 19 90 9 38 65 84 83 61 61 93 72 7 66 12 68 28 63 27 92 69 100 66 64 94 48 16 89 32 67 21 97 85 10 5 75 27 41 57 87 53 49 58 12 66 21 79 46 83 6 37 52 57 2 67 50 49 82 90 32 100 62 29 37 72 85 11 98 25 67 36 78 67 46 89 32 66 67 77 49 24 13 52 33 14 18 34 15 52 24 46 51 85 26 39 8 11 49 57 87 67 93 16 33 38 56 17 55 75 93 3 98 58 54 30 71 24 64 37 75 39 83 77 23 60 16 83 70 16 39 57 83 83 24 67 72 80 83 27 54 28 29 3 85 35 85 7 58 48 44 84 38 78 60 12 37 27 94 7 43 85 15 77 19
366 497159
50 497020
385 496758
58 496888
860 496647
314 497284
56 497137
427 496997
399 496863
329 497123
440 497356
86 496816
884 497067
507 496822
353 496573
351 496786
793 496590
719 497324
662 497211
312 496979
88 20
11 49 99 9 41 58 51 67 54 69 53 14 76 18 67 41 76 56 20 63 63 41 44 61 30 6 78 92 76 92 31 86 93 81 94 33 39 44 99 44 65 4 9 40 73 75 33 100 82 52 62 45 44 57 57 73 14 34 17 89 78 99 74 70 79 68 2 69 11 52 65 27 7 73 67 79 100 99 79 81 2 92 77 98 49 33 22 62
43 3839
11 3897
8 3853
29 3842
63 3863
79 3899
73 3874
84 3853
12 3855
30 3870
12 3833
47 3887
84 3865
3 3889
28 3877
33 3847
6 3898
65 3840
83 3912
63 3884
905 20
50 18 75 100 2 50 75 51 7 49 51 43 56 4 22 39 2 1 54 73 41 88 34 36 64 31 54 53 93 66 10 94 36 84 46 37 85 20 39 92 21 89 86 76 92 59 66 45 59 71 70 51 58 3 86 22 33 91 26 78 57 35 23 44 71 68 80 55 88 18 46 8 59 83 35 50 41 100 47 51 22 16 2 80 70 39 53 55 30 78 32 38 64 6 81 34 74 12 89 61 81 86 20 39 21 6 41 13 57 87 64 78 54 17 57 23 7 9 77 36 38 60 25 54 66 5 87 39 68 27 51 49 65 22 39 37 27 79 49 83 17 64 60 22 32 69 97 39 77 25 26 67 37 3 20 2 59 58 92 27 37 94 27 53 15 65 89 93 96 89 75 64 53 86 86 36 54 82 26 83 6 4 49 42 6 20 95 64 29 38 42 65 83 68 17 49 85 5 41 80 94 67 95 98 53 80 33 6 13 11 40 71 14 88 64 71 59 59 34 88 48 28 52 31 47 21 79 31 77 72 62 70 38 57 19 90 88 4 48 1 14 87 71 79 27 34 49 85 44 34 24 44 13 28 74 60 48 4 90 24 27 4 46 65 60 64 6 47 19 53 99 32 40 69 62 66 55 62 2 50 96 26 93 8 53 18 67 52 74 9 75 100 64 20 64 23 36 22 21 54 74 72 38 65 92 99 82 46 61 84 96 8 61 88 67 65 6 86 16 79 94 90 30 57 62 46 31 97 67 3 50 40 74 39 57 66 38 38 63 50 73 58 57 33 98 23 49 55 60 64 85 53 6 14 61 67 59 43 15 25 46 16 17 71 55 73 88 44 10 51 93 35 60 1 67 9 75 16 63 35 31 47 39 36 13 100 54 71 94 68 48 39 84 16 62 90 88 49 33 49 51 77 83 11 77 2 19 3 69 82 89 99 80 28 87 44 79 40 15 72 60 14 63 95 29 24 84 68 72 68 16 23 44 51 85 72 52 3 74 72 36 63 70 68 90 8 11 20 48 77 91 59 90 53 53 70 76 88 37 100 55 5 74 98 55 58 69 58 12 94 29 48 56 50 67 97 58 77 16 57 54 59 15 95 11 19 17 39 6 53 90 12 9 63 9 63 72 29 20 83 22 100 82 30 50 48 78 7 25 94 63 30 4 29 76 14 99 92 4 4 97 93 67 5 7 27 20 78 55 91 61 28 91 42 9 40 42 87 98 18 32 12 47 35 40 74 100 38 18 4 93 14 48 59 70 55 85 89 32 91 80 44 70 70 38 79 61 79 17 58 96 48 21 94 34 60 67 33 49 84 88 93 49 88 3 71 42 39 59 25 81 90 21 50 11 58 80 71 36 96 80 31 43 100 24 76 11 42 61 11 78 48 55 26 35 57 96 28 95 7 5 75 96 25 77 7 82 56 29 69 52 61 99 46 12 74 74 75 15 34 37 92 33 92 70 68 48 17 47 95 23 51 21 71 27 97 29 60 53 9 28 56 69 78 1 33 3 74 7 18 7 95 61 40 86 30 59 86 47 57 80 21 8 100 43 86 97 71 46 1 80 25 56 100 3 8 84 5 82 42 74 40 37 35 31 22 16 41 7 62 98 38 35 57 38 77 42 86 100 39 38 31 64 45 30 18 52 66 74 33 7 48 25 43 34 55 65 49 48 23 63 45 61 97 1 50 25 94 87 24 33 24 54 96 68 36 65 71 1 38 4 7 85 80 2 18 34 66 67 81 40 29 77 100 77 29 1 1 23 87 77 7 62 82 54 81 17 18 52 69 55 7 28 92 86 29 61 71 46 79 4 85 59 80 37 35 61 37 88 83 76 64 41 37 45 46 70 14 63 21 34 69 79 61 12 64 41 73 34 86 3 37 23 62 69 59 48 29 47 87 63 22 50 3 11 47 48 32 12 62 4 45 82 82 58 94 45 98 18 30 36 20 19 58 33 87 68 33 15 66 19 29 88 21 31 50 67 30 81 30 43 36 74 24 17 31 17 13 81 86 42 16 58 12 25 90 98 44 74 64 9 93 92 48 13
264 409539
766 409503
284 409896
405 409592
120 409895
452 409740
624 409727
696 409491
83 409873
702 409417
79 409378
374 409949
792 409809
435 409085
154 409171
705 409549
316 409401
782 409464
536 409783
777 409311
997 20
14 47 39 9 94 13 46 56 96 47 46 20 45 27 18 6 69 8 11 58 14 90 95 50 71 61 45 100 95 77 50 60 23 88 68 17 100 66 24 47 12 70 66 8 48 84 13 16 43 76 73 9 65 68 58 87 80 3 86 26 79 35 85 53 22 53 21 73 18 97 19 81 18 37 88 65 72 52 81 14 27 5 22 43 24 80 29 56 34 15 81 64 49 66 16 23 70 89 95 39 85 14 19 2 50 58 66 21 9 98 86 88 55 60 30 30 91 59 37 76 73 18 39 73 35 6 95 4 94 90 94 30 3 12 31 4 69 49 76 29 98 61 16 4 72 46 86 14 4 22 89 76 39 27 48 25 85 43 80 30 84 73 60 86 36 42 41 4 42 16 33 92 28 100 47 52 45 32 65 48 54 54 75 44 32 75 21 68 69 100 98 52 25 9 89 60 2 29 16 96 96 100 39 75 99 85 26 44 17 91 43 22 96 18 65 27 92 37 95 60 37 44 63 13 52 51 72 5 79 39 100 26 38 38 100 89 23 26 84 91 16 26 12 11 95 28 89 38 65 83 49 53 26 11 65 29 61 88 34 91 79 85 16 68 23 16 56 97 41 91 87 8 69 50 70 63 29 58 53 93 93 1 97 70 64 13 99 76 53 84 67 31 68 34 98 42 49 6 38 41 96 76 100 64 25 69 79 54 79 31 98 71 83 47 92 98 59 42 74 11 25 40 93 45 25 43 86 74 100 24 66 95 51 66 11 76 86 41 81 64 23 30 86 57 76 78 55 35 19 28 97 96 19 42 40 43 84 25 68 83 100 34 29 51 51 91 78 36 83 58 100 5 87 37 62 63 14 68 49 85 47 97 80 65 90 19 59 73 95 27 7 95 12 88 97 62 30 74 49 13 83 48 69 69 37 82 83 50 49 83 34 95 32 13 11 21 83 22 46 78 48 4 72 11 43 68 24 73 93 72 37 75 72 57 95 8 39 78 57 39 12 43 86 43 7 96 16 90 69 61 67 16 64 90 78 59 9 1 83 53 25 71 27 96 27 21 3 17 50 11 8 14 5 93 56 12 40 23 53 9 83 71 76 99 12 6 9 20 6 91 24 30 61 50 77 39 22 79 56 24 42 63 37 46 7 44 57 98 67 61 6 1 31 34 51 42 39 59 13 96 49 36 26 9 37 2 48 11 33 55 34 74 69 70 19 75 13 28 72 31 40 30 32 71 63 82 64 53 41 29 48 89 16 73 50 5 27 49 15 11 3 48 84 71 69 54 97 81 33 20 64 73 49 95 95 63 28 10 15 68 38 63 9 6 87 10 10 13 58 24 23 12 23 58 34 91 12 30 23 96 1 86 68 50 32 14 12 60 24 27 79 13 41 39 18 27 48 79 92 57 54 66 20 76 24 53 18 87 34 41 82 35 78 2 36 10 67 99 21 90 25 51 55 17 90 24 44 89 55 35 98 8 100 17 36 75 22 53 61 7 45 95 93 23 48 28 84 14 27 4 56 3 6 10 72 95 85 15 36 39 1 85 47 52 53 82 79 74 86 39 33 31 85 25 53 32 5 88 46 83 91 53 37 48 62 8 43 46 74 30 85 26 14 83 78 66 16 56 92 1 46 24 31 83 100 35 66 56 22 63 90 64 15 27 12 76 86 6 74 12 35 10 37 100 44 66 17 59 73 8 59 71 83 90 53 35 76 18 90 98 81 32 61 47 10 24 75 95 29 48 58 15 9 95 14 52 60 31 10 85 90 20 55 73 61 7 59 37 76 48 34 8 31 46 55 40 22 81 87 2 80 44 17 88 38 82 91 50 64 52 34 54 71 88 78 32 46 36 68 73 35 53 81 66 50 87 5 23 19 91 25 98 35 41 85 24 74 27 73 38 78 6 43 100 45 20 31 90 7 50 15 41 54 95 58 56 33 15 78 51 57 2 100 43 94 84 67 68 62 91 57 39 49 99 38 93 70 21 35 76 22 49 68 76 95 78 83 79 92 60 81 48 14 80 43 59 15 9 78 76 99 34 66 99 84 3 92 5 75 78 32 97 26 52 24 20 29 6 50 72 17 30 71 82 9 13 41 75 21 70 50 72 56 15 70 39 69 13 44 96 90 75 92 67 26 15 38 6 72 87 77 88 16 48 70 76 60 62 50 33 31 51 56 86 17 77 77 38 42 72 33 83 98 76 50 76 42 87 81 13 74 58 100 41 57 21 17 68 34 18 52 65 69 59 2 37 88
277 497141
902 496945
381 497216
838 497176
274 496697
656 497192
149 497170
552 497454
102 496599
832 497489
117 497472
277 496711
62 497122
481 497377
277 496956
745 496950
428 496855
629 496696
453 497035
139 497260
917 20
47 40 24 85 63 38 22 26 61 83 58 51 26 59 44 37 28 96 50 85 35 44 16 2 38 57 32 83 78 73 52 76 64 75 60 26 65 33 3 77 16 60 79 93 18 22 30 97 18 31 34 4 26 1 58 63 57 41 97 86 65 49 62 28 75 21 53 91 54 7 67 69 67 45 13 36 19 42 85 88 24 18 91 49 18 48 64 75 88 12 12 52 60 73 31 35 46 35 77 51 42 44 71 60 40 83 95 58 77 31 45 100 100 36 1 18 35 16 44 75 27 7 78 39 80 9 25 77 43 1 27 36 96 97 95 36 79 42 45 55 72 90 7 72 77 59 41 63 26 36 37 52 42 15 42 73 75 66 49 17 67 75 5 62 71 99 49 2 40 94 8 64 35 66 87 63 24 27 25 1 14 14 5 55 28 46 28 54 12 76 22 30 3 26 43 73 25 44 26 16 37 34 79 23 99 65 85 75 43 61 75 56 74 31 63 53 77 90 6 40 17 28 21 19 53 63 92 29 6 69 45 94 2 75 16 53 92 52 27 34 13 53 42 86 36 4 39 12 45 44 3 61 23 23 80 28 37 23 56 43 91 100 88 45 27 56 97 18 7 75 3 71 79 96 57 14 51 47 77 95 42 79 56 65 53 87 92 90 61 99 84 3 51 71 47 77 26 95 46 85 21 48 55 100 96 63 65 46 9 42 41 3 72 48 67 25 34 10 66 46 60 49 48 10 19 47 38 97 41 83 81 62 83 87 13 78 50 77 23 10 70 63 12 94 10 30 70 95 91 35 92 51 83 40 12 53 86 50 49 26 32 81 39 14 68 51 91 69 80 14 30 49 28 94 94 90 23 63 36 66 97 28 68 31 19 79 84 4 28 84 81 12 65 72 25 84 22 68 4 1 33 33 2 60 26 95 1 1 10 37 18 58 16 85 89 34 15 24 37 43 7 69 6 23 40 82 6 14 49 61 14 33 94 67 93 71 14 45 23 23 81 92 32 48 76 72 81 91 47 69 85 54 38 90 28 77 71 86 90 72 46 56 4 91 74 48 14 87 93 36 61 25 80 45 73 55 16 53 97 63 22 81 68 11 22 47 39 45 32 81 16 78 88 71 68 61 19 81 100 63 69 12 87 100 56 11 54 24 16 3 38 89 35 57 99 57 3 37 53 35 69 68 64 56 38 31 69 8 64 68 70 84 31 9 83 39 71 88 62 86 90 51 74 77 59 24 33 61 13 85 47 81 4 10 89 93 93 57 53 8 76 22 43 6 82 77 44 53 64 57 90 6 7 16 82 17 91 66 78 3 2 76 36 57 86 76 1 30 32 53 37 7 27 31 64 60 7 8 12 22 16 54 79 75 21 12 91 11 29 68 66 30 96 53 38 81 28 39 62 11 43 98 69 69 80 32 29 86 91 92 59 7 97 38 81 17 49 23 28 30 43 45 59 38 97 49 70 76 87 31 86 29 80 6 50 59 89 78 96 80 21 54 38 18 43 70 34 44 92 13 73 34 57 83 23 5 31 92 80 69 22 17 98 1 22 99 11 11 76 6 42 48 12 79 65 54 100 51 97 91 63 69 77 72 52 51 28 82 43 8 51 16 76 100 69 98 98 79 60 25 37 1 24 48 31 89 1 82 91 50 24 5 70 100 28 21 3 56 55 45 63 57 60 38 8 80 87 57 59 98 33 47 50 56 94 80 96 46 61 38 47 37 43 17 88 70 89 90 25 95 34 39 3 46 29 10 25 67 18 35 65 50 33 14 58 26 46 5 24 58 43 70 94 37 38 82 6 27 71 83 21 57 73 76 54 53 85 30 20 55 17 36 4 49 49 13 27 46 70 50 4 12 71 49 48 61 30 5 87 53 39 59 61 12 34 14 64 71 43 35 25 59 70 80 60 71 45 86 16 14 87 71 25 57 20 24 17 1 28 55 5 19 66 65 30 51 78 45 73 73 80 97 83 49 29 42 19 73 79 35 86 65 57 62 22 76 37 90 29 16 97 33 34 14 98 63 16 27 60 89 51 39 37 86 39 65 27 58 89 6 44 74 22 52 87 43 28
471 420027
693 420010
494 420336
745 420418
328 420384
11 420527
906 420791
210 420575
207 420546
826 420481
750 420469
169 420732
319 420763
745 420307
549 420514
564 420664
487 420565
216 420703
127 420860
686 420449
932 20
80 7 82 81 72 69 70 23 94 71 52 81 13 38 10 81 45 43 35 47 3 63 85 70 34 7 25 28 74 68 60 6 26 41 38 49 61 7 23 54 29 74 86 42 63 48 22 60 90 8 58 45 70 43 14 55 49 90 82 75 9 41 80 86 33 17 35 93 23 57 99 51 83 84 44 97 31 17 56 73 24 14 17 46 8 82 100 8 24 82 82 32 74 61 18 59 29 4 51 3 60 49 6 94 85 1 91 67 18 46 39 93 11 7 90 18 89 42 26 64 75 59 95 48 20 64 6 100 67 9 3 27 57 60 72 41 60 62 60 77 8 98 70 70 57 11 88 97 52 65 60 26 23 6 74 94 70 31 94 36 39 48 14 48 7 86 40 66 99 99 95 6 49 64 76 5 26 15 1 78 79 12 3 53 17 28 47 86 59 92 74 49 39 39 96 45 76 36 62 75 86 56 32 34 71 7 38 97 73 90 74 3 1 28 56 18 56 54 55 66 45 80 14 83 19 62 79 94 49 40 68 34 96 100 68 66 58 57 62 83 47 87 85 99 15 92 68 70 45 23 87 89 2 100 23 72 13 1 66 61 41 85 95 36 36 14 53 46 70 15 28 68 53 64 19 67 56 86 88 52 60 74 41 14 26 63 85 38 16 2 51 56 39 97 43 74 10 95 71 31 61 98 51 14 14 69 32 69 54 20 72 66 45 12 79 70 27 15 60 42 17 10 49 7 6 91 32 15 85 3 97 98 52 47 11 65 15 42 33 21 13 5 38 58 68 16 27 46 82 86 39 98 95 87 56 100 29 88 66 66 90 15 63 41 61 73 58 28 66 90 100 79 46 37 36 66 4 14 63 85 52 2 35 46 40 90 98 69 29 15 86 70 29 48 63 42 72 20 69 89 9 20 67 7 56 54 24 11 20 86 95 71 87 29 68 79 71 65 99 99 32 84 69 60 31 31 1 54 50 21 42 10 40 61 68 47 66 91 57 85 77 4 55 15 32 23 93 2 39 43 53 70 26 21 82 8 51 34 61 52 55 3 13 46 15 81 45 80 71 53 17 99 56 71 66 40 45 58 41 36 1 45 5 78 65 38 86 67 72 46 70 26 100 83 23 66 63 67 46 85 20 62 84 27 84 49 66 81 58 59 16 10 3 72 88 20 10 25 86 81 22 56 58 74 38 32 39 52 99 84 36 70 97 71 48 33 19 14 13 29 72 80 38 26 51 77 45 12 1 31 44 75 38 53 48 27 85 86 78 35 22 13 56 70 84 3 2 54 16 14 82 39 93 72 65 96 48 9 59 1 91 3 75 80 55 74 6 91 59 83 25 32 48 80 2 83 83 3 36 50 69 70 89 13 41 53 60 40 13 19 92 56 21 18 35 27 91 41 18 2 75 94 85 22 74 86 4 8 41 92 57 9 61 45 73 53 49 33 44 14 3 88 69 75 57 55 1 100 95 70 1 70 64 85 43 89 23 99 48 63 90 4 23 2 1 47 6 1 31 49 14 33 88 34 7 45 89 60 44 35 29 96 56 44 32 99 84 54 97 31 68 38 87 90 39 87 89 96 87 19 96 53 52 84 86 10 28 26 69 23 61 98 18 68 93 49 66 77 55 14 59 22 51 45 64 41 31 52 36 70 22 84 74 73 67 59 83 46 37 3 68 49 100 37 16 45 37 34 73 91 47 31 65 50 76 80 42 58 83 30 27 4 13 100 29 31 11 63 76 99 65 43 47 17 31 62 61 67 47 33 58 94 63 22 95 90 1 88 48 83 17 26 38 81 78 66 11 88 28 86 38 93 80 84 9 10 97 21 77 44 53 34 89 67 7 83 57 59 70 56 93 39 81 30 19 10 48 30 97 75 15 86 19 47 69 79 56 18 99 32 61 3 17 49 22 75 83 30 85 52 85 77 42 17 59 61 27 58 90 75 84 56 61 3 2 81 33 10 98 84 93 58 38 10 58 59 36 40 40 21 44 76 97 85 45 7 97 23 64 38 97 48 94 9 2 47 42 86 8 39 69 1 49 7 10 58 17 45 50 9 65 93 84 14 29 28 72 26 50 88 63 99 87 8 59 88 7 100 73 14 91 94
90 434708
600 434256
768 434571
480 434662
652 434091
145 434539
685 434429
187 434366
243 434350
892 434538
419 434489
149 434306
405 434240
873 434554
448 434512
158 434245
333 434022
124 434615
29 434176
277 434099
990 20
13 15 43 34 58 67 80 50 30 41 92 79 61 92 67 87 92 80 78 82 85 83 14 42 15 42 18 17 66 73 7 78 40 50 64 97 68 43 98 50 35 89 80 95 80 99 33 72 78 11 5 62 45 19 55 11 12 24 80 77 97 86 6 36 87 69 84 7 12 81 8 46 69 87 93 100 85 25 23 14 87 80 76 84 98 82 46 61 6 25 37 54 63 42 41 1 11 24 59 74 4 66 71 24 53 63 23 89 40 46 3 78 25 30 13 74 11 11 34 68 35 70 73 49 63 13 2 73 36 60 98 91 26 69 14 30 83 89 18 74 86 72 4 10 1 68 35 64 78 68 31 65 89 56 65 3 68 66 28 56 26 25 98 3 45 64 84 80 52 1 53 37 25 8 98 25 76 32 88 5 51 71 21 91 78 86 93 45 3 20 52 80 97 50 82 41 13 17 20 64 18 25 52 94 32 49 18 59 32 58 16 82 80 36 24 57 73 16 53 76 88 5 55 84 54 89 76 66 5 96 81 74 72 32 67 3 80 37 14 63 94 29 44 25 16 67 81 89 34 33 64 21 37 70 56 42 10 32 7 67 79 87 92 50 70 11 4 1 99 69 63 44 97 58 68 13 24 100 53 10 32 68 82 21 89 38 62 99 21 21 17 51 59 60 52 81 22 7 81 20 76 44 63 24 53 30 36 29 29 88 38 13 7 19 85 96 8 98 46 28 70 62 30 29 73 81 9 95 88 41 14 15 36 29 38 89 10 74 17 91 13 54 3 72 24 39 67 32 36 12 11 6 25 41 86 97 21 94 43 60 86 9 74 22 37 64 10 46 89 26 36 1 31 90 24 54 28 90 85 16 1 96 21 25 88 58 74 60 51 16 20 88 76 45 9 12 8 18 10 96 95 97 49 77 87 72 31 66 14 67 81 14 14 53 91 1 10 64 13 12 31 84 100 7 28 8 70 88 78 79 35 24 76 35 1 14 59 83 31 72 1 64 85 67 16 27 19 78 90 31 41 73 14 92 31 94 100 100 33 29 31 67 4 58 54 56 71 12 90 1 83 91 64 67 9 32 94 27 61 35 58 1 59 23 93 89 68 44 89 100 24 71 19 27 28 72 35 98 83 24 50 65 14 66 83 22 49 28 1 9 15 10 61 73 84 5 14 52 100 54 51 23 24 21 2 51 92 36 100 26 11 1 42 25 66 77 98 66 4 50 26 70 59 39 43 43 43 56 94 43 9 96 17 84 69 70 34 12 5 33 38 16 33 31 92 51 7 41 16 63 43 94 84 1 32 78 95 74 85 40 68 45 36 85 28 56 6 61 67 63 45 56 30 30 87 21 80 45 13 47 59 55 92 43 8 23 20 2 49 5 42 16 1 29 52 29 84 58 41 2 20 86 58 49 15 96 21 46 92 85 44 51 92 36 45 99 58 16 52 58 72 45 74 73 73 77 1 8 34 41 62 5 78 19 5 44 66 25 89 57 62 85 59 53 20 55 3 29 71 54 87 94 99 12 66 23 88 18 83 74 11 44 78 40 14 35 84 79 11 72 87 72 8 98 76 27 52 78 8 74 84 94 68 82 57 85 4 44 55 38 17 65 81 47 4 94 81 39 24 43 63 11 15 70 60 90 49 11 20 56 37 3 1 56 36 57 40 91 52 94 29 21 10 9 67 66 55 99 4 78 93 66 40 7 88 99 49 36 62 20 91 50 22 91 5 57 99 44 99 50 90 27 70 51 36 88 68 42 38 24 19 31 41 11 89 28 61 89 63 22 8 53 71 81 95 27 89 45 71 88 47 12 14 68 62 1 8 82 42 45 5 61 27 45 23 68 73 83 56 87 5 16 92 27 96 38 54 37 83 76 24 29 39 37 48 52 90 55 33 31 52 37 43 78 34 65 97 58 48 5 44 4 20 35 82 67 73 87 3 7 14 78 87 52 15 34 4 56 89 36 86 40 25 29 69 58 45 18 15 92 22 58 47 93 45 29 11 17 67 14 75 81 43 61 32 9 94 35 64 34 71 50 25 47 30 94 4 74 63 18 18 84 27 64 76 71 44 38 39 11 51 65 91 46 25 74 54 71 9 18 4 31 67 29 77 48 74 32 21 36 49 90 71 27 54 98 50 49 35 88 59 38 53 1 83 29 75 36 99 35 53 55 17 71 35 45 18 60 76 39 47 76 80 17 2 33 66 51 34 100 91 92 89 95 45 71 23 71 59 74
827 490535
218 489563
184 490272
507 490095
743 490192
511 489997
29 489995
247 490426
5 489704
673 489788
953 489973
252 490074
739 490088
654 490195
578 489654
76 490132
505 489661
8 489858
168 490032
740 490034
