100
42
11
1
2018
71296
89230
2
47355
37458
53154
97267
50053
60960
32444
65291
15678
75184
99999
27672
37456
80677
80926
5
52503
85674
75664
7
69817
20426
44689
100000
1765
99518
83041
76259
4
369
8
52665
91508
16355
46362
10377
63414
31697
897
17741
11313
78223
51563
92676
93396
36528
54311
36605
54940
27793
93082
9426
6
17615
71152
5491
68107
99250
62253
10
25678
9
92745
88532
8293
11963
92337
35804
59260
7175
56384
95
58847
55984
44161
79548
60904
8452
65336
37016
62575
66434
17633
24244
91926
3
95160
59305
27167
22668
15869
55562
19461
