100
42
11
1
2018
96124
40822
98060
67568
18599
45861
11100
74382
87427
99999
84834
41883
49910
61314
6
674
29234
52205
90261
80
60713
53541
54122
19674
65678
30675
100000
34977
1648
99414
18295
9
85145
52186
5
9183
16478
21418
76365
7
24764
91687
27599
19455
4663
4
10
29743
8
58889
35268
83118
68236
43483
6653
35625
6568
43111
10007
36312
13414
66492
79199
88751
81491
56961
24801
53682
96987
17158
69016
51111
33247
93089
8208
14500
63378
35196
53400
95991
42423
9409
26190
90378
59116
10009
95
80266
71697
2
99363
25119
3
28078
83322
54060
