100
3 3
1 2 1
1 3 6
2 3 4
6 5
1 2 6
3 4 0
5 6 7
3 5 1
4 6 2
3 2
1 2 0
2 3 10
4 3
1 2 0
1 3 1
1 4 2
2 1
1 2 0
2 1
1 2 1
10 11
1 2 0
2 7 5
2 9 7
1 4 2
1 8 6
1 6 4
1 10 8
2 3 1
2 5 3
1 9 75612
1 7 63305
10 18
4 6 54829
2 8 294
1 4 54129
2 10 52954
7 9 74186
4 10 35687
4 9 36227
1 10 51791
3 5 66733
9 10 53283
5 6 32997
3 7 93443
6 10 65679
2 3 25378
5 7 22719
7 8 42899
8 9 6385
1 9 73249
10 38
9 10 73805
4 6 86190
3 10 21742
5 8 28951
6 8 74377
3 5 86084
1 6 62447
3 4 92170
2 8 25263
7 10 97766
7 8 22090
4 10 65461
1 3 73791
6 10 35444
4 5 40059
2 10 82975
7 9 58897
4 7 62875
1 4 90455
1 10 55522
5 10 77530
1 8 3695
3 7 71859
5 6 56250
2 3 26845
3 9 75839
8 10 77906
2 5 19551
5 7 71579
2 4 35707
4 8 50474
2 7 83135
8 9 87633
4 9 21665
1 7 83572
6 9 77560
2 9 76995
1 9 66814
10 13
3 6 59559
3 10 197
4 6 53624
1 9 52791
3 7 52819
1 4 56350
1 6 19687
4 10 65114
1 3 84031
2 3 32956
4 5 17434
2 5 82655
7 8 48738
10 12
1 5 56841
3 6 78567
4 7 19281
3 10 34256
1 3 46856
3 4 45006
4 6 4112
7 9 98783
2 3 87114
7 10 52514
5 10 80743
2 8 58293
10 34
5 6 27250
1 6 65274
1 8 49164
5 8 43318
5 10 18453
2 10 65511
6 10 80000
4 6 38991
2 9 61109
1 10 23367
3 8 70451
1 9 1435
1 2 94293
2 6 55425
3 10 62405
3 5 15190
5 7 53231
3 6 36294
1 7 27281
5 9 50021
6 9 56915
6 8 62418
3 7 5073
7 10 41657
4 9 35945
1 3 47038
1 4 85392
4 7 9048
8 9 22437
2 5 31129
4 8 61131
2 4 2377
3 9 60389
7 9 72212
10 28
3 10 92436
7 8 41208
4 9 15202
8 10 28223
2 5 93357
1 4 66676
4 5 4990
4 10 86187
1 3 37358
8 9 78260
5 6 11545
6 7 60911
5 9 67168
9 10 29773
5 10 83646
2 4 98463
1 9 15480
1 5 44390
2 10 8036
6 8 84375
2 8 32600
4 8 63116
3 8 78892
6 10 38495
7 9 18617
1 2 32642
3 6 37372
3 4 97448
10 22
5 8 68803
4 7 2502
3 8 10746
2 10 50177
9 10 57234
1 10 24446
3 5 51750
3 4 10190
3 7 19999
2 9 62392
2 8 21421
2 7 78765
7 8 47981
6 7 70536
4 10 95012
3 9 1879
1 2 65661
6 8 27519
3 6 5822
6 10 42343
5 6 47853
2 4 12991
10 25
4 5 10479
8 10 3646
4 6 93082
3 6 63353
1 3 69210
1 6 13440
1 2 69637
5 8 17196
5 9 5329
1 7 66477
7 10 73063
2 3 14814
3 4 69950
3 10 8238
6 10 80341
2 9 36321
2 4 94402
4 8 67034
1 5 56664
5 6 28015
4 9 80526
3 8 86211
8 9 28130
5 10 90479
2 8 97098
10 28
4 7 83333
5 6 89104
2 5 12123
4 9 52200
1 2 34544
8 9 59257
6 9 25061
3 6 56123
5 9 60688
8 10 92756
6 7 42564
3 4 66307
4 10 45161
3 7 72615
2 10 98006
5 10 14148
1 6 75188
2 7 91070
1 8 23159
3 8 81022
7 10 54893
1 3 60304
5 7 33160
2 6 26385
4 8 90002
9 10 93461
2 8 88857
7 9 41143
10 22
6 9 78730
8 9 72571
5 6 87177
5 10 73309
1 4 54509
1 8 18522
1 10 19763
2 7 90253
2 3 83135
3 9 19640
2 8 29114
1 3 9692
4 5 42694
4 10 84576
2 10 89301
6 10 84630
7 8 32277
4 6 88998
3 8 33889
2 5 81535
4 7 40264
3 5 12308
10 31
5 8 52992
3 4 21579
8 9 47384
3 5 81993
5 6 47907
1 2 50231
2 5 97796
5 9 50280
1 9 39017
7 10 11301
4 7 7802
5 10 22552
1 10 65203
7 9 61146
9 10 62986
7 8 56176
1 3 81662
1 6 41967
2 9 14013
5 7 67278
6 10 88695
2 3 74352
1 8 16833
2 10 19628
4 10 76359
3 9 73772
6 9 74393
4 9 10041
2 6 77823
3 8 14470
6 7 6167
10 45
7 9 38123
6 7 63369
1 6 20921
5 9 58838
9 10 46273
5 8 84911
2 6 97304
3 9 50800
3 8 28181
1 10 34716
2 5 95804
3 5 82620
6 8 85889
7 10 45111
8 10 33318
5 10 84913
1 7 3157
2 4 75137
3 4 56918
1 4 40645
5 7 95556
2 10 32949
8 9 81103
4 6 77647
4 7 89801
1 3 87573
2 3 18171
2 8 25525
4 8 25806
6 9 28508
1 9 92894
1 5 62563
5 6 66475
3 7 37784
1 8 49579
2 7 28829
4 10 11305
4 9 4990
6 10 2452
4 5 6352
3 10 50415
7 8 62557
2 9 76231
3 6 41236
1 2 35349
10 26
3 8 24644
6 10 96533
4 6 98038
1 6 26759
2 9 97119
4 7 94660
6 9 76183
5 8 11539
3 4 97035
1 9 39500
3 9 57168
8 10 133
9 10 90848
2 6 93912
8 9 64587
2 5 46070
1 10 93986
2 4 40163
1 5 51317
4 10 87345
1 7 79531
4 5 27314
5 10 9351
1 4 30848
2 8 67863
2 10 43638
10 14
2 6 50476
3 10 14547
4 10 22361
5 10 69745
3 9 62301
1 7 35252
5 6 72589
4 8 39145
7 9 10478
4 6 73920
1 6 85174
3 8 64047
2 8 50507
1 5 41244
10 28
1 2 51681
6 7 34926
3 9 32701
2 8 81681
1 5 90228
1 6 57466
2 10 70114
4 9 90788
3 5 21809
6 10 66781
4 7 34761
2 3 42697
2 9 97859
9 10 91000
5 7 67219
1 4 41467
4 8 91840
1 3 62784
5 6 49451
7 9 3898
4 5 11395
1 10 2765
1 7 67275
4 10 28256
4 6 81817
7 8 83024
2 7 28057
3 8 79125
10 32
3 5 18778
6 7 41175
3 6 88344
7 10 14546
2 6 18141
4 9 32296
1 9 34368
2 9 62184
1 7 18726
5 10 55944
2 4 93908
2 3 65737
6 10 30891
1 8 5474
4 10 516
2 8 381
5 8 56214
3 7 57676
1 4 39270
4 7 81919
4 8 54425
4 6 8804
9 10 69974
4 5 40674
6 8 64237
7 9 81312
2 7 95787
1 2 4654
1 6 67059
8 10 76848
1 5 76977
3 9 39804
10 44
4 7 47267
2 6 4332
8 10 53812
4 10 919
1 4 55048
6 9 87644
2 10 85221
1 10 6256
7 9 67003
2 9 19639
4 8 97400
3 7 94731
5 10 55960
3 5 6638
1 3 54987
2 7 40878
6 10 74481
1 7 36457
3 6 39728
3 4 68961
8 9 89733
4 5 21134
3 9 71282
3 8 7462
5 7 66813
4 6 83295
9 10 75138
4 9 18250
1 6 73944
2 8 6133
3 10 5021
7 8 27235
7 10 94910
5 6 84932
1 9 16548
5 9 57559
6 7 97248
5 8 30496
2 4 82750
2 5 97991
1 2 52515
2 3 16923
6 8 33206
1 8 55607
10 12
2 9 83413
1 4 97737
7 9 51859
4 8 79187
1 3 9628
5 7 10148
3 5 62818
3 4 71230
9 10 61527
4 6 79468
2 8 33338
1 2 44496
10 34
6 7 73704
1 3 70376
3 10 529
5 9 11011
2 7 92239
1 2 81609
1 5 51677
8 10 54170
2 6 20390
4 6 72112
1 8 93864
5 6 4489
7 8 89851
3 5 28978
3 6 68478
2 5 32268
1 6 21970
6 9 80621
3 7 35870
2 4 9598
3 4 59159
1 4 31696
5 8 43426
3 9 6006
3 8 36450
5 10 96985
2 10 95469
7 10 85137
8 9 28356
4 9 17258
2 9 12126
6 8 60806
4 10 5118
2 8 87668
10 36
2 8 33002
5 7 7228
6 9 35188
3 10 40788
2 5 25682
2 10 7926
1 7 4833
2 9 26283
4 6 94827
4 8 53034
2 3 24353
8 9 89717
3 9 98500
1 3 36019
7 8 12614
8 10 87447
3 6 25244
1 4 95791
2 4 28378
4 7 94447
3 8 31222
4 9 86797
3 4 51013
5 10 98240
7 9 45515
1 6 21726
3 5 32678
1 9 88858
2 7 86604
1 10 11478
3 7 29617
4 5 32910
2 6 96903
7 10 77923
5 9 48336
1 5 16762
10 24
4 7 27661
4 5 84648
6 7 46832
1 7 41619
2 6 13045
9 10 95732
2 7 53164
5 8 58648
5 9 1121
3 5 39342
3 10 14710
4 9 69692
3 4 27792
1 4 77867
3 6 96710
4 6 13327
2 4 11038
6 8 84385
8 9 13528
6 10 56828
3 7 70220
1 5 61839
1 6 33424
2 10 83253
10 18
5 7 65493
6 9 96324
4 5 81986
4 7 15221
5 9 95581
2 6 49061
1 9 72749
5 8 29186
4 8 6793
2 10 78852
9 10 4610
4 6 83076
3 6 35820
6 10 96344
3 9 15817
3 4 9585
1 7 5442
8 10 59409
10 25
7 9 34508
3 6 64249
3 4 38313
1 10 15470
5 10 34538
1 2 35025
6 10 76112
3 9 21247
1 6 37307
7 10 59959
4 9 32622
2 5 29056
2 3 45756
3 10 74045
2 4 98206
3 5 9384
1 5 53815
2 10 13579
4 5 7626
1 4 70335
2 6 36310
1 3 3745
3 8 38762
7 8 35686
5 8 80664
10 31
4 9 85918
6 9 85369
3 8 7014
4 10 98326
3 5 93550
6 10 70078
4 7 33845
1 2 18298
2 10 53737
2 7 57957
1 4 22832
4 5 34002
5 6 8556
8 9 66392
2 4 13391
1 5 75649
8 10 26020
1 6 10173
6 7 82449
7 8 72133
4 8 48017
6 8 42112
3 9 42738
3 4 40733
5 8 52536
2 9 84401
1 7 98434
3 7 79372
7 10 31626
1 10 22243
4 6 49639
10 42
2 10 88524
1 4 34763
2 4 68136
2 3 18018
6 8 84971
4 7 53684
1 8 13810
1 5 17073
4 9 26217
5 9 51994
5 8 40562
1 2 31820
2 7 81010
8 10 97854
7 10 21614
2 5 81780
4 8 7270
3 10 85340
5 10 6
4 6 44631
5 7 6801
7 9 24795
4 10 87582
3 7 30121
2 8 44605
5 6 8664
6 9 17666
7 8 15075
1 7 8758
2 6 89179
1 6 25362
4 5 29632
8 9 63957
1 3 13677
6 10 92168
1 9 60932
3 5 6071
3 4 4985
1 10 39922
6 7 48215
3 9 59855
3 6 59112
10 17
2 3 87465
3 9 61921
3 7 61327
2 8 84784
7 9 18476
4 9 20210
8 10 94408
1 4 41701
2 4 51013
4 5 42857
5 6 49851
3 6 9045
6 9 98562
5 9 84988
1 3 75553
7 10 9982
7 8 52365
10 41
6 10 13706
3 4 97819
2 3 71310
6 7 21402
8 10 53118
1 3 73164
5 7 64510
3 9 51624
5 8 50747
5 10 85104
4 10 54058
2 8 96020
4 9 29443
8 9 60981
3 7 45023
7 8 17272
3 8 84080
2 4 8669
6 8 50460
9 10 34309
3 5 48983
5 9 45410
2 7 6535
4 8 97989
2 5 2079
2 9 87649
1 9 40810
4 6 62803
7 10 91190
1 10 84317
6 9 79514
2 6 45461
5 6 35735
1 5 38018
2 10 37946
4 5 63115
7 9 20150
1 8 60541
3 10 80093
1 2 22362
3 6 53150
10 24
4 10 28586
4 9 91049
5 9 61173
2 4 1939
8 10 20501
1 5 65041
2 5 71914
3 4 95935
1 3 33373
2 8 10423
1 10 4894
4 6 65654
6 9 64146
3 8 5160
4 8 99368
1 4 99112
5 7 16426
3 9 74040
1 6 14584
2 9 50133
6 8 55047
4 5 96740
1 7 38385
2 6 80182
10 12
2 5 78389
2 7 61029
1 5 66796
5 8 44044
4 10 53550
2 6 35170
2 9 52778
8 10 21306
5 9 9022
8 9 3312
9 10 65837
2 3 94555
10 24
9 10 37798
4 5 89163
6 9 85342
3 7 89743
4 9 74530
5 6 59702
6 10 99014
2 5 97651
4 6 33839
2 7 77715
1 2 36929
8 10 20619
3 9 27658
3 8 67033
3 6 11655
2 3 94126
3 10 25773
2 10 33
4 8 22696
1 5 22618
2 6 54370
2 4 23396
5 9 26089
2 8 734
10 39
2 6 27171
1 2 73221
5 8 79883
4 5 16358
3 6 80503
1 7 74648
1 3 27924
1 8 87841
5 6 52468
3 10 74599
4 8 46626
1 9 63553
5 7 21317
6 8 45908
2 10 6367
3 7 44603
1 5 53184
3 4 82684
4 10 15013
5 10 94461
4 9 4538
3 5 71615
4 7 85661
2 7 23741
1 6 71685
1 4 68653
3 8 65669
4 6 76888
5 9 97559
2 5 40356
8 9 82023
7 8 50590
6 9 95834
2 4 32273
7 9 2523
1 10 94270
6 10 81123
7 10 4451
2 8 86344
10 14
1 4 60338
6 8 57219
2 3 53646
2 7 38540
4 7 14472
2 4 10929
5 7 1660
1 2 99525
6 10 71673
4 5 67684
7 9 41019
5 8 49910
1 10 99757
1 7 96240
10 32
8 9 35881
5 8 16379
4 8 66874
6 7 89186
1 9 75838
5 6 18500
8 10 14747
4 10 49103
2 10 51612
1 2 43774
4 6 32483
2 4 58178
1 8 4034
3 6 63752
2 9 87557
1 7 16764
3 10 11921
3 5 22280
4 7 82996
3 7 52395
1 4 8896
7 10 70170
7 8 8090
3 9 90700
6 9 19974
3 4 52494
2 3 54979
2 8 11363
2 7 52594
1 6 62026
5 9 84274
3 8 97802
10 43
1 10 11262
1 2 12691
3 7 26225
3 4 50005
1 9 85415
4 7 99487
8 9 94056
4 10 57997
4 5 88832
6 7 24157
6 9 7663
5 10 81282
6 10 30385
7 8 63112
4 9 5213
4 6 75014
2 4 90505
2 10 64687
3 6 25956
2 7 74333
3 8 16707
5 7 84726
4 8 30336
2 3 33489
1 8 27604
9 10 17903
7 9 31580
1 5 71730
2 9 61574
2 8 23517
5 6 13164
1 6 13077
3 10 54997
3 9 12859
1 3 8942
5 9 65282
1 7 76654
3 5 50761
2 6 73230
7 10 10959
5 8 84459
6 8 92099
8 10 39229
10 31
5 7 70301
3 10 14101
1 8 43382
5 6 11508
9 10 22534
2 3 96632
7 9 62367
5 8 74272
1 5 29967
8 9 55938
2 7 26573
1 4 54258
3 6 6654
1 10 89678
4 6 65805
2 9 90255
2 4 27649
4 7 42582
8 10 9596
4 8 12909
6 8 90474
4 5 94215
3 5 27071
5 10 18368
3 7 78421
2 6 60352
7 10 54325
3 8 66337
6 9 47771
3 9 20376
1 6 23164
10 19
2 8 81357
3 10 23875
3 5 85450
2 4 29603
1 10 20923
3 6 93051
3 8 82755
4 9 36030
8 9 57740
2 3 54282
2 10 29251
3 9 16048
1 6 58102
1 4 63431
6 8 15238
7 9 86579
5 6 63860
5 10 56366
2 9 64402
10 33
5 6 8816
4 5 45198
5 10 26175
1 3 72779
5 7 42567
6 9 85579
1 7 48751
2 5 90493
2 4 40444
4 7 72655
3 5 61945
1 5 2651
7 9 98005
3 9 89412
3 4 60681
2 8 25765
1 10 63617
7 10 92043
1 8 81315
4 6 26627
8 10 27559
2 10 24368
2 7 16142
2 6 76529
2 9 9875
3 10 91987
3 7 31933
3 6 65156
4 8 12617
4 9 20754
1 2 61250
6 8 11927
3 8 66232
10 33
1 9 37886
2 6 98525
1 2 18753
1 3 19348
3 9 35668
3 7 65899
2 8 96628
4 10 16716
2 7 46099
5 8 5895
3 6 89600
1 8 59245
2 4 62081
3 4 75801
8 9 16206
7 8 14892
2 3 30272
4 6 38220
2 10 37485
4 9 12951
4 8 39014
1 5 28258
6 7 11284
2 5 37391
3 5 97628
5 10 81776
5 6 76694
6 9 76001
1 4 55039
4 7 79647
3 8 53018
9 10 36215
6 8 43811
10 43
4 10 36842
5 9 38784
2 9 93442
1 8 62886
2 7 64079
4 8 43237
6 8 71993
2 3 99013
2 4 18971
1 3 52854
3 7 92143
2 6 33315
6 9 71041
1 5 30371
2 5 98887
6 7 57347
1 10 95802
5 7 49732
3 4 83104
1 9 62980
6 10 39901
5 6 35307
9 10 66102
5 8 6371
3 6 62670
2 8 93407
8 10 22320
1 2 61921
3 9 86007
4 9 28563
1 6 29575
3 10 90050
4 5 29467
7 9 45771
2 10 70460
1 7 16901
4 7 96617
3 8 70708
3 5 55452
1 4 77374
7 8 26405
7 10 61484
8 9 56825
10 25
3 4 15763
5 9 43069
7 10 46791
2 9 60185
6 9 84907
6 8 41321
1 8 24308
6 7 99852
8 10 93946
1 4 49006
2 5 89471
5 10 12251
2 3 4923
5 8 119
3 7 40211
5 7 68128
1 3 73321
7 8 2504
5 6 69098
7 9 23884
3 6 928
4 7 57332
3 9 89546
2 8 98087
2 7 99323
10 26
4 8 14899
9 10 10956
6 9 4671
2 10 92552
5 10 28607
1 2 93034
3 6 43362
5 6 22608
1 7 92512
2 8 73935
6 7 53244
3 9 47265
3 10 31246
3 4 42158
4 9 72616
7 10 26590
1 9 60717
2 5 70800
8 9 54341
7 9 6549
2 6 6971
3 5 7087
1 4 18140
2 9 28813
1 5 32110
2 7 53165
10 17
2 3 98481
8 10 64014
3 8 94874
9 10 28215
3 6 16397
1 3 29341
4 6 11703
1 9 53994
1 4 45390
1 10 9505
2 4 11641
5 9 70136
4 5 33220
1 6 18527
7 9 62882
4 10 9105
2 6 76209
10 38
6 9 81789
2 10 40907
4 9 13474
6 8 55302
1 7 81763
1 8 64595
4 10 18890
2 6 67420
7 8 88844
3 10 21487
3 9 28833
3 5 10084
5 8 89558
1 5 839
4 8 42346
4 5 85279
6 7 29294
2 4 96284
2 8 49007
9 10 71668
5 7 61501
1 10 74120
7 10 87486
1 4 77112
6 10 96103
3 7 5030
5 10 34267
4 6 97782
1 9 11316
1 3 90653
8 9 8800
2 3 88678
3 4 9585
2 7 10757
3 6 15258
2 5 58385
5 6 19373
7 9 67606
10 35
3 8 40255
1 4 36513
9 10 70758
6 8 12325
1 8 29611
5 6 29148
5 8 0
8 9 16971
6 9 98170
7 9 14495
5 10 63453
2 5 15828
2 10 43536
4 5 60754
1 7 86535
3 4 81978
3 6 77244
5 7 21738
4 10 11833
2 7 96968
4 6 2586
1 5 71510
1 3 55283
6 10 77127
8 10 77482
2 4 16089
5 9 72593
7 8 64951
2 6 43672
3 7 34030
1 9 57325
3 10 20030
6 7 63755
1 6 28739
4 7 23682
10 27
6 8 42802
1 4 10932
3 9 62186
3 4 15121
4 6 59003
3 8 81763
4 10 6662
7 9 47115
2 9 74842
1 8 15240
6 7 13368
4 7 0
2 8 74202
1 3 11265
5 6 1446
1 5 92458
4 8 24822
3 6 58999
4 9 68449
3 10 58770
9 10 60092
6 9 1300
7 8 74434
1 6 74936
2 3 16023
8 10 11924
7 10 79608
10 41
6 10 6229
3 10 78480
9 10 63043
7 10 71263
1 7 25723
2 10 66306
1 10 96236
3 7 75211
4 10 74154
2 9 61912
1 3 3274
4 8 0
5 7 86296
6 8 80890
5 6 81366
2 4 35582
1 8 88567
2 7 19300
3 5 42632
2 6 58215
2 8 93750
4 6 8241
4 9 31006
1 2 32146
1 5 67491
6 9 18879
1 9 37880
3 4 12165
2 3 22556
6 7 28262
3 9 61492
4 5 98807
7 9 62539
1 6 42249
7 8 42900
4 7 381
1 4 55496
5 9 78763
8 10 48609
2 5 35350
3 8 44242
10 28
4 8 38127
2 6 47216
6 10 62673
3 4 89119
2 7 3994
4 5 68473
1 10 6117
6 8 72850
1 9 34759
2 8 1280
2 10 0
2 9 83495
1 6 97079
4 7 62036
7 8 99270
1 8 34210
1 4 3030
3 6 31705
3 7 16420
3 9 91544
8 9 46781
1 7 77627
3 10 94421
7 9 19633
1 5 26264
2 4 61380
2 3 78828
3 5 29578
10 27
1 10 34618
5 8 9065
7 10 46112
5 10 52572
1 6 49051
3 9 25654
3 8 69172
4 6 98051
1 9 0
8 10 29337
7 9 79731
1 8 91572
7 8 20492
5 6 57379
4 10 45932
1 2 89275
2 5 29387
2 10 47726
2 8 62000
5 7 51586
3 10 11074
3 7 37516
1 4 98838
5 9 73457
3 5 57583
2 9 52484
1 5 20645
10 24
1 9 77044
6 10 33619
1 4 95261
3 7 0
2 5 46760
3 8 11595
2 3 78797
2 4 46264
3 10 59526
1 8 32100
4 10 37725
5 8 24392
3 4 34862
4 5 81010
1 5 19188
8 9 71491
8 10 97233
3 6 56457
7 8 51744
2 7 94916
6 8 1332
4 7 85684
2 8 79970
6 9 32720
10 28
3 5 46846
6 7 80258
8 10 21913
4 7 81426
4 5 57219
2 10 84060
7 9 74805
6 9 72917
1 4 24557
1 5 82501
8 9 87004
5 9 23009
5 10 52414
1 6 95538
2 4 27563
5 8 36158
1 7 92488
1 3 86369
1 9 1608
2 7 6066
1 10 19858
2 3 60149
3 8 0
7 10 24447
5 7 89742
3 6 87552
4 6 75485
9 10 98553
10 37
6 7 55885
7 10 75657
4 5 5634
2 4 12296
1 9 17202
1 8 48532
7 9 1195
3 8 34630
2 10 93928
3 5 77194
2 7 66883
5 6 53846
2 9 46562
4 7 0
3 10 36985
4 10 29294
7 8 46088
4 6 70252
8 9 70572
6 10 13166
4 9 77302
3 9 23286
1 4 98857
5 8 72065
2 6 92853
3 6 45610
2 3 48966
3 7 88978
1 5 64005
6 8 88723
1 7 72168
5 9 15156
1 6 96139
1 3 51374
6 9 37899
2 8 64892
9 10 52867
10 25
1 5 36936
1 10 99546
1 8 13575
5 6 86731
6 8 48062
2 5 59455
2 8 70863
4 9 55034
3 4 64022
3 10 11318
5 10 69244
4 8 95054
2 6 55719
1 4 66381
3 5 83545
5 9 49687
7 10 67120
4 10 3815
4 5 52177
2 9 49892
5 7 95048
4 6 23582
3 7 19290
1 7 71530
1 6 0
10 20
1 2 51724
4 5 50906
3 8 48386
2 8 31088
7 9 2765
3 10 79412
2 9 89213
8 9 67495
1 7 63628
3 7 23382
4 10 46623
3 4 9288
2 7 65658
6 7 43472
3 5 85440
4 7 4038
2 3 85521
6 10 12241
1 3 0
1 4 85663
10 24
2 7 96602
5 8 74707
7 8 77896
5 6 13055
2 6 35373
8 10 59123
3 9 45987
5 10 18763
5 7 60571
4 9 10843
1 4 6487
3 6 8967
4 6 87189
6 8 81582
1 5 40782
2 10 94004
2 8 0
7 10 99876
4 5 71203
7 9 58030
1 6 90853
4 10 91770
3 10 55534
5 9 54393
10 10
4 6 78114
4 5 46148
1 5 17333
5 6 82343
2 10 76594
9 10 74738
2 5 20600
6 7 0
3 8 86442
2 6 83388
10 13
2 5 41972
2 8 77832
7 10 86041
5 9 60873
4 7 67241
1 6 29635
3 6 83848
3 8 18565
4 8 49911
1 4 33908
2 9 84990
6 9 22532
5 7 0
10 35
1 9 43128
3 8 13088
7 10 41847
1 8 35719
6 10 79322
2 8 59917
2 6 54644
1 10 7033
5 8 69565
2 4 88690
4 6 75781
3 9 1441
3 6 85569
4 10 2359
3 4 0
5 9 1246
1 7 54446
2 10 71005
9 10 38863
4 8 34341
1 6 12853
1 2 60987
1 3 46623
2 3 16981
3 10 68095
6 7 93969
8 9 74324
5 6 14889
3 5 648
5 10 46319
1 4 16980
1 5 65788
5 7 91584
7 9 70716
6 8 38041
10 35
4 8 99714
3 5 1522
6 10 0
5 7 40913
3 10 91311
2 6 71981
4 9 78632
2 4 6012
2 10 96983
2 9 28593
3 8 32406
5 8 2642
7 8 25600
4 6 25840
1 5 77566
1 2 72015
8 10 53947
2 5 25221
3 6 33096
3 7 42453
6 7 2324
8 9 31392
1 10 38395
2 8 52909
2 3 69834
3 9 63245
2 7 91278
6 8 53044
6 9 18193
5 9 6768
4 10 29663
1 3 27697
3 4 73325
9 10 32848
1 9 37897
10 32
2 10 16715
6 10 3244
4 5 8325
7 9 43437
3 6 87114
3 7 41885
1 5 26588
8 10 84852
2 7 74936
1 2 55709
8 9 82595
4 8 36136
2 4 99927
5 8 78621
4 9 0
1 9 19624
4 10 22456
1 4 60086
4 7 96942
1 10 9133
4 6 56536
6 7 25665
2 5 52308
3 8 69088
1 8 90074
1 3 24748
5 6 89113
3 4 49418
1 6 66135
2 3 53839
3 5 72390
9 10 94978
10 39
2 4 41564
5 9 94250
7 10 60132
5 6 333
1 4 19490
3 6 86748
2 8 98493
1 5 16690
1 10 68093
7 8 46270
3 10 56950
3 9 81229
2 9 96823
2 3 97089
3 7 91326
4 8 26694
5 8 50640
4 7 14982
5 10 87989
2 6 51349
1 3 2999
3 4 69202
1 8 46620
8 10 20174
6 9 30575
2 10 46577
2 5 79465
4 6 77135
1 7 17636
4 9 84623
2 7 84616
8 9 95569
3 8 33796
9 10 62525
6 10 59730
6 7 47916
5 7 0
4 5 18765
1 6 86198
10 45
3 9 87321
4 5 62123
4 8 73596
5 8 32899
2 6 74486
4 10 37791
4 9 90699
7 10 39535
5 6 77086
2 3 37444
6 7 70930
7 9 11783
1 10 6743
3 7 59899
2 10 38975
2 5 20537
4 6 19554
1 6 0
3 10 70059
8 10 20159
8 9 66741
3 8 59682
1 5 2734
5 9 4710
1 4 47593
2 7 58597
6 9 82314
2 4 99986
3 4 19242
6 8 3342
6 10 6164
4 7 73524
3 6 65289
2 9 46475
7 8 63366
1 7 37540
5 7 93619
2 8 58119
1 3 86750
3 5 97244
1 2 19826
1 8 44150
5 10 28500
1 9 71097
9 10 42504
10 35
4 10 30765
3 4 3512
1 7 33687
2 4 825
2 7 25663
2 6 30249
1 5 24322
3 8 2020
1 6 43627
1 8 25259
5 7 37162
4 9 32667
3 6 85333
3 10 9318
1 2 39021
7 9 41562
5 8 92002
4 8 33538
2 10 66364
6 7 41692
4 5 39206
1 9 43061
3 9 33384
3 5 99447
7 8 6749
6 10 4582
4 7 0
8 10 92501
2 9 81992
1 3 50953
5 9 93381
6 9 19651
5 10 26298
3 7 11576
2 8 69403
10 15
5 6 92045
1 4 57360
3 10 90947
6 7 16822
3 8 16686
6 10 82696
2 4 65561
2 8 96204
1 9 51277
2 3 397
8 9 95484
2 5 51839
3 7 0
2 6 2423
4 10 34951
10 10
1 7 43126
3 10 55921
3 8 29980
3 9 65539
6 8 85284
1 10 46546
5 7 9020
2 7 70209
9 10 0
4 9 48353
10 12
3 7 82182
9 10 52013
1 7 84067
1 10 10012
1 2 0
2 4 919
4 5 43418
7 10 95918
1 6 59630
2 5 33424
8 10 68606
4 7 79409
10 34
2 7 49403
3 6 2094
1 9 8532
1 10 43229
6 9 68871
2 9 30372
1 5 29971
1 6 18778
4 6 10115
5 7 66146
3 9 63142
2 6 13680
1 2 42988
2 4 1653
3 10 0
5 10 19225
7 8 69598
6 7 14969
3 7 17119
5 9 76782
6 8 33021
1 3 92177
8 10 62949
3 5 51338
5 8 81517
2 5 87697
2 10 92494
5 6 87399
1 4 46134
7 9 94057
4 8 90064
6 10 99080
9 10 36019
3 8 76625
10 23
2 7 81371
1 7 19525
2 3 68912
3 4 58932
3 9 65598
3 7 48251
2 6 46704
6 10 40887
5 8 90419
8 9 62972
5 7 57540
2 4 33180
1 6 67768
4 6 3332
1 8 77387
8 10 44135
2 5 31665
7 8 0
1 10 62136
3 8 77492
6 8 74729
1 2 91474
5 6 48763
10 12
2 6 11827
2 9 85781
5 8 11943
1 6 90136
3 10 70137
1 2 0
1 3 55895
5 7 8531
5 10 37383
2 4 55582
6 7 78915
2 8 29840
10 27
7 10 79713
2 5 26478
3 9 24604
4 9 20878
2 4 71289
6 8 70473
1 5 73303
6 9 70961
5 6 40121
6 10 13142
5 9 96472
4 7 60861
4 5 4469
2 3 56405
1 8 43032
7 9 48580
8 10 92479
3 6 75728
1 10 49321
1 3 19481
5 10 59756
3 5 89080
2 8 4490
3 7 0
2 9 44348
3 4 63052
1 4 79357
10 14
2 7 34659
7 9 88592
1 4 57171
1 6 50963
3 10 14412
1 5 34737
6 7 1073
1 9 0
7 10 33760
3 6 89586
6 8 72899
2 3 36340
2 8 19288
5 7 78017
10 32
1 9 75076
3 9 93961
3 10 72811
1 10 15731
3 8 97720
2 5 99702
4 7 76341
1 3 42693
1 8 68323
7 9 26958
5 10 30155
2 9 66503
8 9 24811
5 8 29727
3 7 4795
1 5 16026
5 6 73306
6 9 41790
1 2 19622
3 4 21529
4 8 64474
1 6 0
4 10 12907
5 7 67381
2 10 12705
2 3 88912
4 6 97091
4 5 13435
4 9 24952
3 5 15098
2 6 72705
6 8 55918
10 24
2 6 30472
1 3 21483
6 9 52251
1 8 38793
1 7 13244
3 4 71718
1 5 68033
4 5 73547
5 7 29623
2 10 17618
2 7 26374
1 4 78253
3 9 28605
4 6 87219
7 9 88812
3 6 0
4 7 61036
5 10 47851
7 8 41895
8 10 85024
2 3 75665
1 10 79947
5 6 22512
4 9 1126
10 22
1 7 24764
1 2 16613
2 3 0
7 8 35336
3 4 52466
6 10 55222
4 5 39947
6 9 50086
2 4 79374
1 4 34416
2 10 17608
1 10 20335
9 10 20916
1 3 80538
3 9 28269
3 7 12691
5 6 25957
4 6 34936
6 8 96561
3 8 39223
1 6 15103
6 7 53642
10 16
5 10 81885
7 10 43476
5 9 78246
2 7 25514
6 7 65262
4 8 97136
4 5 51681
3 5 80872
7 8 30049
8 9 93346
2 3 0
2 8 32799
9 10 73809
1 5 56776
6 8 50878
3 7 97545
10 11
1 10 67026
4 10 89356
3 8 67508
9 10 987
1 5 33272
4 6 10784
1 7 75822
2 8 22425
2 3 7168
2 4 0
8 10 8579
10 38
4 5 43
3 6 48178
1 2 16769
2 4 52310
7 9 23141
1 10 56684
1 9 43092
5 9 35797
2 10 29329
5 7 97246
7 8 61264
4 7 81832
2 9 13539
1 7 20888
2 3 34813
4 10 656
3 8 80951
1 4 69042
3 9 85859
2 7 31500
4 8 33184
4 6 89254
1 3 5157
8 9 99609
5 8 65479
5 6 90876
9 10 2857
3 10 25866
3 4 0
5 10 72955
2 5 77759
6 8 60504
1 6 44292
3 7 87761
8 10 7926
6 10 97898
1 5 38491
6 9 34381
10 45
6 8 64334
2 7 38472
4 6 59230
3 5 59690
3 7 45040
5 10 171
2 10 83016
6 9 10514
3 10 40592
1 5 44514
4 10 70399
2 9 98957
2 8 17271
2 6 30340
4 9 3594
5 7 0
7 8 44382
8 10 53175
8 9 85462
2 5 60534
9 10 55913
3 9 56160
1 3 78541
3 4 37754
4 8 44311
3 6 87515
5 6 6228
2 3 59685
5 9 28601
1 8 66929
3 8 53160
4 5 36700
1 7 75844
1 10 60904
7 10 33878
5 8 28238
1 2 78580
4 7 70344
2 4 55071
6 10 52009
1 4 72976
1 9 40624
7 9 76561
1 6 34516
6 7 2817
10 39
3 5 64886
5 7 62059
6 8 44960
2 9 20835
5 10 73578
1 7 12364
1 2 32137
5 9 6523
2 7 61362
3 4 34839
4 8 43415
1 4 52851
2 8 73462
4 9 26940
3 7 76905
7 8 56840
1 10 53261
2 3 99582
2 10 46540
8 9 51192
1 8 37133
3 9 14557
9 10 36815
8 10 19581
4 7 95235
3 6 98973
5 8 1221
7 10 29175
4 5 43677
6 9 16726
2 6 76936
5 6 96901
1 6 68198
6 10 76563
1 5 5293
2 5 0
2 4 64211
1 3 22922
3 10 28827
10 27
3 8 23800
1 6 60416
7 8 9232
2 9 84779
1 10 61412
4 8 7953
4 9 10890
6 8 17450
2 5 56274
6 7 43750
4 10 34001
5 9 57681
5 8 87865
2 4 45688
2 3 35376
1 2 41412
5 6 0
8 10 85391
1 4 80142
3 5 21762
5 7 16097
2 10 29640
4 5 49979
8 9 76023
3 9 39358
5 10 19846
1 7 45914
10 36
4 6 36469
3 6 0
7 9 36504
6 10 25700
3 10 44003
4 7 61317
2 3 33576
2 8 22065
5 8 14835
1 7 52718
6 8 74523
5 10 25338
7 10 2984
2 10 31006
1 6 36752
3 7 89556
2 9 68230
4 8 35859
2 5 30435
1 2 10958
6 7 78802
4 10 61999
3 8 31429
5 6 59016
1 5 47586
4 5 29252
7 8 26855
6 9 18285
1 3 62787
8 10 20587
3 4 57894
1 4 52407
3 5 77866
3 9 59771
5 9 98270
2 4 81510
10 44
4 5 93361
1 4 82658
3 8 67587
6 8 74486
3 9 90077
7 8 64694
2 6 63265
3 10 9310
6 7 25408
4 8 69314
5 8 65640
2 10 41065
1 10 16304
2 5 0
5 7 50455
2 4 8745
3 7 47673
1 2 14915
7 10 93030
3 5 55109
5 10 8078
5 6 86388
1 3 39944
3 6 45459
4 6 76214
1 7 49934
2 8 46379
8 9 15920
4 7 33053
8 10 66466
6 10 63471
9 10 13881
1 8 78169
7 9 25438
2 9 25803
2 7 37222
3 4 44389
4 10 80874
6 9 45690
1 9 12885
1 6 68387
5 9 84778
2 3 32319
1 5 77539
10 10
4 5 71375
1 7 95208
3 7 22936
5 6 54766
3 9 21577
4 6 0
1 8 80307
1 10 60606
2 10 68105
2 5 4148
10 28
6 10 47228
3 5 59372
3 6 93683
2 5 80932
1 7 53433
1 8 0
7 9 80214
5 6 60808
3 9 86439
1 3 75373
4 10 68520
5 8 76194
4 7 58973
2 6 69494
2 10 51754
7 8 61416
4 5 62620
4 8 12817
6 8 81388
3 4 87762
6 9 59522
8 9 48510
2 8 15394
4 9 51361
1 10 36535
2 4 52432
7 10 53269
3 8 38059
10 17
4 9 78277
1 10 21211
2 9 48505
1 6 45508
2 5 16058
1 5 94038
5 8 97572
8 10 0
4 7 92010
3 10 12233
1 3 47684
5 9 65801
6 10 66026
2 10 72005
2 8 33644
3 6 88615
1 8 83819
10 13
2 7 97208
4 8 11317
6 7 0
3 9 84988
1 7 18663
9 10 97110
3 6 45188
2 4 17290
4 6 66510
5 6 47497
2 10 79252
7 9 20742
5 8 70882
10 10
6 7 69727
2 6 91610
3 6 154
1 10 27228
8 10 36898
4 6 37074
3 7 0
5 7 83635
8 9 69479
2 3 73859
10 20
3 4 23435
7 10 28854
7 9 85929
1 9 43838
4 8 50232
6 10 28593
5 7 46334
2 10 99338
8 9 39954
6 7 0
1 3 60121
1 8 51339
3 7 67761
5 10 47622
3 5 25669
1 2 63
8 10 31244
4 9 86127
6 9 98345
2 8 89388
10 32
7 10 44706
3 4 33822
3 10 37548
2 8 53985
1 8 63359
9 10 34060
5 8 46376
4 7 1197
4 8 62476
3 9 97194
2 4 43235
2 6 79861
5 6 59753
1 4 22637
2 3 53067
7 8 35185
4 9 7132
3 5 15458
4 10 89141
6 9 43496
2 10 78062
1 7 65167
1 6 28517
3 8 0
3 7 52118
7 9 80006
8 10 13177
4 6 31143
5 9 22749
6 7 36289
2 7 14578
1 3 14803
10 30
4 8 44540
4 9 51438
1 5 93531
6 10 24658
1 4 16072
5 8 42551
3 6 56965
1 10 0
9 10 10580
7 8 93474
3 10 89874
3 5 97263
2 8 89480
1 6 21099
4 6 98781
5 9 71343
3 8 78105
6 7 94101
6 9 57707
1 2 18375
1 3 61794
4 10 49935
7 10 11639
2 10 38133
3 9 6492
2 4 63625
5 7 87033
2 9 61306
4 7 88949
5 10 28908
10 28
2 6 46875
1 7 68369
9 10 36404
2 4 0
3 7 96473
1 8 95480
7 10 88100
4 7 45208
4 9 77882
3 5 81203
8 9 49136
1 9 34775
5 7 1732
8 10 40704
1 5 8413
4 8 93182
3 9 62152
5 8 33837
6 7 4255
5 10 84083
2 9 45156
5 6 59955
3 6 61041
2 7 42562
4 10 74269
4 5 47501
2 5 76077
1 4 80947
10 17
5 6 0
1 9 93985
3 7 15004
3 8 9434
2 6 67642
3 10 97355
5 10 97098
3 5 98651
4 6 25998
6 7 991
5 8 16048
2 9 6482
6 8 93583
5 7 46326
3 9 70569
1 8 7234
3 4 49785
10 30
3 5 79500
4 7 74088
7 9 21233
8 10 84799
3 7 72209
3 9 76224
2 5 65349
3 6 97804
2 10 5966
9 10 22880
3 10 19353
1 2 36874
1 5 209
4 8 0
8 9 20810
3 8 62350
3 4 23192
6 9 43782
1 10 43898
1 6 43719
5 6 96998
5 7 99230
5 9 97863
4 10 9942
1 8 87792
7 8 96389
1 9 69890
4 9 79759
6 8 63644
1 3 54749
10 45
1 6 97165
1 5 18444
5 8 4655
1 7 59799
1 3 83190
1 2 51318
1 9 43584
3 5 41274
6 8 89669
2 10 55267
5 10 59539
4 7 25309
1 8 57572
8 9 76328
1 10 48284
4 9 24712
2 5 86225
4 8 30224
2 4 65522
4 6 43027
4 5 77172
3 8 65873
2 8 99128
7 10 87427
6 9 27086
7 9 44517
1 4 71009
3 9 89295
6 7 99879
2 9 66656
2 3 69137
3 10 88009
8 10 26834
3 4 86139
3 6 35090
3 7 54936
5 6 0
6 10 70702
2 6 16211
7 8 50947
9 10 31954
4 10 96297
5 9 21482
2 7 94143
5 7 53686
