10
47 1
0 0 1 0 1 0 1 1 0 0 0 1 1 1 0 0 1 1 1 1 1 1 1 0 0 1 0 1 1 0 0 1 0 1 0 0 1 1 1 1 1 0 0 0 1 0 1
0 1 0 1 1 0 1 1 0 0 0 1 1 0 0 0 1 1 0 1 1 0 0 0 1 0 1 0 0 1 1 0 1 1 0 0 1 1 1 1 1 1 1 0 0 1 0
1 0 1 0 1 1 0 0 0 1 1 0 1 0 1 1 1 1 1 1 0 0 1 0 1 0 1 1 0 0 0 1 0 1 1 0 0 0 0 0 1 1 1 0 1 0 1
1 1 1 0 0 1 1 0 1 0 1 0 0 1 0 0 1 1 1 1 1 1 1 0 0 0 1 0 0 1 0 1 1 1 1 1 0 1 1 1 1 0 0 1 1 0 1
47 22
57 32 57 34 63 47 21 18 44 35 26 58 57 7 13 22 18 20 1 43 17 10 42 49 14 4 26 9 51 62 31 44 30 24 15 30 8 36 48 52 7 10 46 1 17 59 23
35 15 24 15 32 35 57 17 49 61 43 58 49 42 25 29 8 50 44 38 58 16 22 46 24 32 29 25 49 24 48 21 40 9 36 8 44 29 26 29 27 5 24 12 47 49 41
56 35 22 30 29 38 53 12 62 21 41 23 7 1 8 28 41 17 0 50 61 29 12 26 56 17 50 4 1 36 46 57 7 4 23 37 42 12 49 41 34 26 0 41 27 8 5
5 25 5 55 22 34 3 49 27 20 35 31 21 7 13 14 15 17 38 52 60 50 37 37 20 63 37 61 26 46 2 31 7 7 22 30 42 25 15 5 46 50 36 3 58 50 18
50 938567165
475126968 353856251 278628863 543008426 378617440 867732004 527931006 765329761 594346378 354756732 183754363 434936568 803368062 354357465 696005374 148558980 426684783 217667613 560462383 749049354 259670250 731572724 375728247 793724958 316223897 182253307 504361689 540880908 683349262 580601761 279448078 158476229 486974366 458076942 601484656 418108160 325808945 681932016 183437920 472671677 936688748 267192283 807608245 392573163 174066102 156129973 441132144 153267240 273797586 554110881
454832948 433467837 838199960 383077549 779709149 154423856 117847210 284070837 247821118 701196473 417188952 427269196 759672702 456679672 437862492 913673712 774787832 316187792 595605727 510742106 688859469 184810829 330450743 496467714 477383992 957033201 552597687 471032490 662816795 726395273 925143372 117649742 712379464 415859685 953243646 144604966 122799895 971090856 881192158 270621013 672287328 298381109 597890209 984476385 307577135 935752702 898150096 982364967 251940493 146272177
145623426 493316316 231083006 376074170 889784030 608466998 885623725 994898071 979499489 548440519 373809698 557159214 218606615 986189162 873018899 171850260 683310483 895818794 695457470 564502640 166439806 367744798 415400104 316846369 904737537 622977239 805115425 455403986 257858560 609572272 501676163 303481986 102888588 285275523 232072510 545188972 793742522 670212589 540087043 425758364 218653107 813896741 535433932 889776077 452602256 408452830 614142691 135912738 856787978 309600161
252931733 575744138 229861313 220848191 445106861 134598849 743825430 250222286 142519189 554200344 759794558 544195353 410198685 415199500 729470876 194787549 860388473 175729751 765000139 400475515 154004469 536169600 766888610 589438401 425945677 772007220 550407585 940088368 460436313 407195562 802204883 613368046 535456054 932066196 734216237 880562916 619181399 130558020 683301556 661700589 584758365 443096113 758412296 894957050 410811968 140399525 989744599 271200440 216129277 407261091
47 947
242 848 824 820 643 859 1016 831 401 952 480 358 624 820 952 852 292 633 194 60 101 665 711 294 840 1013 912 470 930 922 393 149 745 194 971 365 30 962 174 433 889 654 792 491 450 719 320
744 330 514 804 433 156 492 727 996 480 616 442 387 513 837 538 235 6 484 602 36 424 776 470 290 406 239 781 858 960 78 577 265 592 356 698 748 848 402 722 305 1018 139 695 508 976 208
745 984 693 323 1020 92 74 467 382 482 706 141 315 642 219 894 909 814 225 583 537 50 987 236 356 983 375 26 466 328 234 187 289 929 512 285 1021 588 754 381 46 436 522 363 53 741 233
964 530 458 522 45 509 487 281 867 445 659 893 913 989 104 77 254 11 589 541 7 153 270 388 201 708 910 564 763 629 797 703 136 233 202 181 744 689 465 586 111 101 456 0 65 562 79
49 0
0 0 0 0 0 0 0 0 0 0 0 0 0 0 0 0 0 0 0 0 0 0 0 0 0 0 0 0 0 0 0 0 0 0 0 0 0 0 0 0 0 0 0 0 0 0 0 0 0
0 0 0 0 0 0 0 0 0 0 0 0 0 0 0 0 0 0 0 0 0 0 0 0 0 0 0 0 0 0 0 0 0 0 0 0 0 0 0 0 0 0 0 0 0 0 0 0 0
0 0 0 0 0 0 0 0 0 0 0 0 0 0 0 0 0 0 0 0 0 0 0 0 0 0 0 0 0 0 0 0 0 0 0 0 0 0 0 0 0 0 0 0 0 0 0 0 0
0 0 0 0 0 0 0 0 0 0 0 0 0 0 0 0 0 0 0 0 0 0 0 0 0 0 0 0 0 0 0 0 0 0 0 0 0 0 0 0 0 0 0 0 0 0 0 0 0
47 0
0 0 0 1 0 1 1 0 0 1 0 0 0 0 1 1 0 1 1 0 0 0 0 1 0 0 0 1 1 1 1 1 1 1 0 1 0 0 1 0 1 1 0 1 0 1 0
0 0 1 0 0 0 0 1 0 0 0 1 1 1 0 1 0 1 1 1 1 1 1 0 0 0 0 1 0 0 0 0 0 1 0 1 1 0 0 0 1 0 1 0 1 0 1
1 1 1 1 1 0 0 1 1 0 1 0 1 1 0 1 0 0 0 1 1 0 1 1 1 0 1 0 1 1 1 1 0 0 0 1 1 0 0 0 0 0 0 1 1 1 1
1 1 1 0 0 1 0 0 1 0 1 1 1 0 0 0 0 1 0 0 0 0 0 0 1 0 0 0 0 1 1 1 0 0 0 1 0 0 1 1 0 0 0 1 0 0 0
45 17
4 50 57 61 35 19 42 7 36 16 15 1 20 21 24 50 33 25 12 33 14 11 21 34 43 24 56 8 58 46 25 63 33 19 60 4 38 38 11 10 54 27 12 10 48
36 61 17 61 9 50 11 21 7 45 0 31 37 8 26 19 34 25 52 53 21 56 27 59 4 38 49 31 50 60 15 22 57 32 19 2 18 30 23 25 11 24 56 48 32
18 3 2 43 56 55 0 48 19 59 52 57 45 19 43 41 34 1 34 2 20 36 20 50 60 45 61 20 38 45 52 56 48 55 36 40 46 36 25 1 32 13 58 13 33
37 54 3 38 24 6 58 60 26 44 56 8 41 12 46 22 1 38 7 56 10 47 38 47 8 40 15 22 34 28 55 8 18 58 46 42 0 41 38 27 21 31 35 63 43
50 982394508
836951596 597043446 416434140 149168226 379633793 627546956 279259594 342738225 879302099 673333299 146625662 488663401 174067669 480640539 327094688 729948380 890648237 383130459 545267467 937120792 153193371 101639860 199382526 898105078 197040137 805384733 116799449 440175943 264657417 138820329 175086814 101609012 288380130 491520954 703293594 220530277 119067909 882553188 463268502 550886363 208402840 162410518 592066118 282470509 543051057 819160807 912418890 986215648 754807620 110202710
923336439 808000991 111842570 122718964 358622423 761399062 480620052 375421872 754091360 645277469 966758557 829178174 646886481 807655041 873215482 350180074 928185318 544799746 785249616 391453819 995686109 893652456 453864337 240268580 176122965 549431748 959429387 641058209 535647395 366753360 303777273 111500187 174754351 315619843 686735506 985893129 629535259 167355557 913831355 383626618 712633026 533106265 765321146 912035862 340761305 638536628 814732290 268946622 183336373 252498260
212916795 731538836 146150715 219297486 871807416 774790035 668729234 483753157 968364598 204376628 750506517 272141870 768393170 477777222 140278067 455128676 116186704 669813327 175000587 930018060 605956299 787633614 463124324 371277445 352185829 356401984 562330427 166918118 177864960 298183154 319416378 290781756 929721990 918083449 410079242 454045759 345389837 978808477 490315270 313754435 735701459 240821787 138412659 156610983 271115363 178690727 511739659 287302068 401020408 586740246
217320127 906976707 926890214 232960805 278254151 279076042 489362789 393100932 345994161 567227750 591284086 217926893 410525860 173522429 136010341 720605102 527568189 381400179 351929932 917883459 247670968 640147746 711221600 286083627 696758729 534853318 364774354 208498387 722155386 318311116 347754987 491991867 225287823 274645201 277469026 956058329 106237597 666831816 349159261 904748113 786575920 840443347 122675006 197101779 913965777 711201702 470223235 994050320 645118235 722153168
47 482
915 634 261 546 779 269 187 416 736 150 286 537 280 812 391 531 231 380 644 401 929 154 631 659 283 19 881 746 513 963 204 405 574 467 953 328 738 115 746 449 265 7 986 548 822 355 54
28 735 698 430 641 855 38 277 113 59 133 861 572 72 42 979 648 509 907 977 223 1022 698 674 265 708 638 815 505 995 869 533 705 544 965 324 374 1006 601 489 40 737 328 615 811 370 571
434 882 454 386 80 453 62 756 720 770 371 510 252 341 356 785 24 903 728 348 252 711 951 744 751 665 47 343 451 417 915 886 274 346 249 356 799 311 90 497 58 461 1009 310 803 343 73
829 221 803 154 473 489 82 192 215 748 239 561 174 659 451 37 933 797 289 267 573 602 357 45 661 820 32 973 600 375 23 404 596 826 558 44 290 641 239 508 366 480 44 540 114 495 580
46 0
0 0 0 0 0 0 0 0 0 0 0 0 0 0 0 0 0 0 0 0 0 0 0 0 0 0 0 0 0 0 0 0 0 0 0 0 0 0 0 0 0 0 0 0 0 0
0 0 0 0 0 0 0 0 0 0 0 0 0 0 0 0 0 0 0 0 0 0 0 0 0 0 0 0 0 0 0 0 0 0 0 0 0 0 0 0 0 0 0 0 0 0
0 0 0 0 0 0 0 0 0 0 0 0 0 0 0 0 0 0 0 0 0 0 0 0 0 0 0 0 0 0 0 0 0 0 0 0 0 0 0 0 0 0 0 0 0 0
0 0 0 0 0 0 0 0 0 0 0 0 0 0 0 0 0 0 0 0 0 0 0 0 0 0 0 0 0 0 0 0 0 0 0 0 0 0 0 0 0 0 0 0 0 0
