200
45 45
26 35
37 49
6 22
29 19
7 31
3 9
25 12
34 34
50 39
19 36
39 11
18 3
41 13
11 22
48 36
31 48
16 17
28 11
7 42
8 12
34 23
43 15
10 16
32 40
42 7
35 10
10 21
11 27
32 4
17 32
27 48
22 41
46 1
21 4
14 27
44 15
47 38
49 41
36 42
32 45
34 32
14 24
48 37
48 15
20 22
15 19
34 25
22 34
45 40
2 30
13 37
46 35
22 38
44 17
39 26
15 9
42 48
7 6
35 35
50 13
50 22
14 11
34 50
13 7
38 4
50 16
28 30
21 48
9 25
40 11
42 48
2 31
34 26
8 34
20 2
17 25
11 40
35 26
28 42
38 21
28 29
5 21
18 46
28 3
2 2
8 17
50 1
23 12
40 21
44 35
23 2
31 1
47 26
49 14
4 2
24 11
15 50
38 25
12 35
9 9
26 20
2 1
30 26
10 49
31 26
28 24
27 4
26 42
47 17
39 32
2 50
29 28
4 4
24 40
26 29
26 40
28 31
33 30
6 10
50 25
48 30
2 50
32 7
26 9
30 4
14 18
3 35
25 50
46 18
10 28
18 14
6 43
2 21
50 48
29 15
9 41
34 11
13 22
42 14
26 11
40 4
26 5
34 15
50 50
21 21
10 48
23 20
24 41
5 23
16 13
49 15
36 3
24 19
14 8
12 48
47 43
29 31
40 31
17 45
24 50
27 9
43 16
27 3
5 5
28 2
22 26
11 37
50 26
19 28
50 20
44 32
26 15
17 9
6 32
23 50
29 44
45 6
30 37
34 17
23 7
25 20
33 25
19 23
46 30
20 36
22 48
40 27
2 45
12 30
11 16
16 33
11 49
46 47
48 18
33 4
21 18
47 9
42 9
45 13
